X	U2_3D5N5F	U2_3D10N5F	U2_3D15N5F	U2_3D20N5F	U2_3D25N5F	U2_3D30N5F	U2_3D35N5F	U2_3D40N5F
								
0	1.88E-06	3.76E-06	5.64E-06	7.52E-06	9.40E-06	1.13E-05	1.32E-05	1.50E-05
5.87E-01	3.41E-04	6.83E-04	1.02E-03	1.37E-03	1.71E-03	2.05E-03	2.39E-03	2.73E-03
1.17391	6.81E-04	1.36E-03	2.04E-03	2.72E-03	3.40E-03	4.08E-03	4.77E-03	5.45E-03
1.76087	1.02E-03	2.04E-03	3.06E-03	4.08E-03	5.10E-03	6.12E-03	7.14E-03	8.16E-03
2.34783	1.36E-03	2.72E-03	4.08E-03	5.44E-03	6.80E-03	8.16E-03	9.52E-03	1.09E-02
2.93478	1.70E-03	3.40E-03	5.10E-03	6.80E-03	8.49E-03	1.02E-02	1.19E-02	1.36E-02
3.52174	2.04E-03	4.08E-03	6.11E-03	8.15E-03	1.02E-02	1.22E-02	1.43E-02	1.63E-02
4.1087	2.38E-03	4.75E-03	7.13E-03	9.51E-03	1.19E-02	1.43E-02	1.66E-02	1.90E-02
4.69565	2.71E-03	5.43E-03	8.14E-03	1.09E-02	1.36E-02	1.63E-02	1.90E-02	2.17E-02
5.28261	3.05E-03	6.11E-03	9.16E-03	1.22E-02	1.53E-02	1.83E-02	2.14E-02	2.44E-02
5.86957	3.39E-03	6.78E-03	1.02E-02	1.36E-02	1.70E-02	2.03E-02	2.37E-02	2.71E-02
6.45652	3.73E-03	7.46E-03	1.12E-02	1.49E-02	1.86E-02	2.24E-02	2.61E-02	2.98E-02
7.04348	4.07E-03	8.13E-03	1.22E-02	1.63E-02	2.03E-02	2.44E-02	2.85E-02	3.25E-02
7.63043	4.40E-03	8.80E-03	1.32E-02	1.76E-02	2.20E-02	2.64E-02	3.08E-02	3.52E-02
8.21739	4.74E-03	9.48E-03	1.42E-02	1.90E-02	2.37E-02	2.84E-02	3.32E-02	3.79E-02
8.80435	5.07E-03	1.01E-02	1.52E-02	2.03E-02	2.54E-02	3.04E-02	3.55E-02	4.06E-02
9.3913	5.41E-03	1.08E-02	1.62E-02	2.16E-02	2.70E-02	3.24E-02	3.79E-02	4.33E-02
9.97826	5.74E-03	1.15E-02	1.72E-02	2.30E-02	2.87E-02	3.45E-02	4.02E-02	4.59E-02
10.5652	6.08E-03	1.22E-02	1.82E-02	2.43E-02	3.04E-02	3.65E-02	4.25E-02	4.86E-02
11.1522	6.41E-03	1.28E-02	1.92E-02	2.56E-02	3.20E-02	3.85E-02	4.49E-02	5.13E-02
11.7391	6.74E-03	1.35E-02	2.02E-02	2.70E-02	3.37E-02	4.04E-02	4.72E-02	5.39E-02
12.3261	7.07E-03	1.41E-02	2.12E-02	2.83E-02	3.54E-02	4.24E-02	4.95E-02	5.66E-02
12.913	7.40E-03	1.48E-02	2.22E-02	2.96E-02	3.70E-02	4.44E-02	5.18E-02	5.92E-02
13.5	7.73E-03	1.55E-02	2.32E-02	3.09E-02	3.87E-02	4.64E-02	5.41E-02	6.19E-02
14.087	8.06E-03	1.61E-02	2.42E-02	3.22E-02	4.03E-02	4.84E-02	5.64E-02	6.45E-02
14.6739	8.39E-03	1.68E-02	2.52E-02	3.36E-02	4.19E-02	5.03E-02	5.87E-02	6.71E-02
15.2609	8.72E-03	1.74E-02	2.61E-02	3.49E-02	4.36E-02	5.23E-02	6.10E-02	6.97E-02
15.8478	9.04E-03	1.81E-02	2.71E-02	3.62E-02	4.52E-02	5.43E-02	6.33E-02	7.23E-02
16.4348	9.37E-03	1.87E-02	2.81E-02	3.75E-02	4.68E-02	5.62E-02	6.56E-02	7.49E-02
17.0217	9.69E-03	1.94E-02	2.91E-02	3.88E-02	4.85E-02	5.81E-02	6.78E-02	7.75E-02
17.6087	1.00E-02	2.00E-02	3.00E-02	4.01E-02	5.01E-02	6.01E-02	7.01E-02	8.01E-02
18.1957	1.03E-02	2.07E-02	3.10E-02	4.13E-02	5.17E-02	6.20E-02	7.23E-02	8.27E-02
18.7826	1.07E-02	2.13E-02	3.20E-02	4.26E-02	5.33E-02	6.39E-02	7.46E-02	8.52E-02
19.3696	1.10E-02	2.19E-02	3.29E-02	4.39E-02	5.49E-02	6.58E-02	7.68E-02	8.78E-02
19.9565	1.13E-02	2.26E-02	3.39E-02	4.52E-02	5.65E-02	6.78E-02	7.90E-02	9.03E-02
20.5435	1.16E-02	2.32E-02	3.48E-02	4.64E-02	5.80E-02	6.96E-02	8.13E-02	9.29E-02
21.1304	1.19E-02	2.38E-02	3.58E-02	4.77E-02	5.96E-02	7.15E-02	8.35E-02	9.54E-02
21.7174	1.22E-02	2.45E-02	3.67E-02	4.89E-02	6.12E-02	7.34E-02	8.57E-02	9.79E-02
22.3043	1.25E-02	2.51E-02	3.76E-02	5.02E-02	6.27E-02	7.53E-02	8.78E-02	1.00E-01
22.8913	1.29E-02	2.57E-02	3.86E-02	5.14E-02	6.43E-02	7.72E-02	9.00E-02	1.03E-01
23.4783	1.32E-02	2.63E-02	3.95E-02	5.27E-02	6.58E-02	7.90E-02	9.22E-02	1.05E-01
24.0652	1.35E-02	2.70E-02	4.04E-02	5.39E-02	6.74E-02	8.09E-02	9.43E-02	1.08E-01
24.6522	1.38E-02	2.76E-02	4.14E-02	5.51E-02	6.89E-02	8.27E-02	9.65E-02	1.10E-01
25.2391	1.41E-02	2.82E-02	4.23E-02	5.64E-02	7.04E-02	8.45E-02	9.86E-02	1.13E-01
25.8261	1.44E-02	2.88E-02	4.32E-02	5.76E-02	7.20E-02	8.63E-02	1.01E-01	1.15E-01
26.413	1.47E-02	2.94E-02	4.41E-02	5.88E-02	7.35E-02	8.82E-02	1.03E-01	1.18E-01
27	1.50E-02	3.00E-02	4.50E-02	6.00E-02	7.50E-02	8.99E-02	1.05E-01	1.20E-01
27.587	1.53E-02	3.06E-02	4.59E-02	6.12E-02	7.64E-02	9.17E-02	1.07E-01	1.22E-01
28.1739	1.56E-02	3.12E-02	4.68E-02	6.23E-02	7.79E-02	9.35E-02	1.09E-01	1.25E-01
28.7609	1.59E-02	3.18E-02	4.76E-02	6.35E-02	7.94E-02	9.53E-02	1.11E-01	1.27E-01
29.3478	1.62E-02	3.23E-02	4.85E-02	6.47E-02	8.09E-02	9.70E-02	1.13E-01	1.29E-01
29.9348	1.65E-02	3.29E-02	4.94E-02	6.58E-02	8.23E-02	9.88E-02	1.15E-01	1.32E-01
30.5217	1.67E-02	3.35E-02	5.02E-02	6.70E-02	8.37E-02	1.00E-01	1.17E-01	1.34E-01
31.1087	1.70E-02	3.41E-02	5.11E-02	6.81E-02	8.52E-02	1.02E-01	1.19E-01	1.36E-01
31.6957	1.73E-02	3.46E-02	5.20E-02	6.93E-02	8.66E-02	1.04E-01	1.21E-01	1.39E-01
32.2826	1.76E-02	3.52E-02	5.28E-02	7.04E-02	8.80E-02	1.06E-01	1.23E-01	1.41E-01
32.8696	1.79E-02	3.58E-02	5.36E-02	7.15E-02	8.94E-02	1.07E-01	1.25E-01	1.43E-01
33.4565	1.82E-02	3.63E-02	5.45E-02	7.26E-02	9.08E-02	1.09E-01	1.27E-01	1.45E-01
34.0435	1.84E-02	3.69E-02	5.53E-02	7.37E-02	9.22E-02	1.11E-01	1.29E-01	1.47E-01
34.6304	1.87E-02	3.74E-02	5.61E-02	7.48E-02	9.35E-02	1.12E-01	1.31E-01	1.50E-01
35.2174	1.90E-02	3.80E-02	5.69E-02	7.59E-02	9.49E-02	1.14E-01	1.33E-01	1.52E-01
35.8043	1.92E-02	3.85E-02	5.77E-02	7.70E-02	9.62E-02	1.15E-01	1.35E-01	1.54E-01
36.3913	1.95E-02	3.90E-02	5.85E-02	7.81E-02	9.76E-02	1.17E-01	1.37E-01	1.56E-01
36.9783	1.98E-02	3.96E-02	5.93E-02	7.91E-02	9.89E-02	1.19E-01	1.38E-01	1.58E-01
37.5652	2.00E-02	4.01E-02	6.01E-02	8.02E-02	1.00E-01	1.20E-01	1.40E-01	1.60E-01
38.1522	2.03E-02	4.06E-02	6.09E-02	8.12E-02	1.02E-01	1.22E-01	1.42E-01	1.62E-01
38.7391	2.06E-02	4.11E-02	6.17E-02	8.22E-02	1.03E-01	1.23E-01	1.44E-01	1.64E-01
39.3261	2.08E-02	4.16E-02	6.24E-02	8.32E-02	1.04E-01	1.25E-01	1.46E-01	1.66E-01
39.913	2.11E-02	4.21E-02	6.32E-02	8.43E-02	1.05E-01	1.26E-01	1.47E-01	1.69E-01
40.5	2.13E-02	4.26E-02	6.39E-02	8.52E-02	1.07E-01	1.28E-01	1.49E-01	1.70E-01
41.087	2.16E-02	4.31E-02	6.47E-02	8.62E-02	1.08E-01	1.29E-01	1.51E-01	1.72E-01
41.6739	2.18E-02	4.36E-02	6.54E-02	8.72E-02	1.09E-01	1.31E-01	1.53E-01	1.74E-01
42.2609	2.20E-02	4.41E-02	6.61E-02	8.82E-02	1.10E-01	1.32E-01	1.54E-01	1.76E-01
42.8478	2.23E-02	4.46E-02	6.68E-02	8.91E-02	1.11E-01	1.34E-01	1.56E-01	1.78E-01
43.4348	2.25E-02	4.50E-02	6.75E-02	9.01E-02	1.13E-01	1.35E-01	1.58E-01	1.80E-01
44.0217	2.27E-02	4.55E-02	6.82E-02	9.10E-02	1.14E-01	1.36E-01	1.59E-01	1.82E-01
44.6087	2.30E-02	4.60E-02	6.89E-02	9.19E-02	1.15E-01	1.38E-01	1.61E-01	1.84E-01
45.1957	2.32E-02	4.64E-02	6.96E-02	9.28E-02	1.16E-01	1.39E-01	1.62E-01	1.86E-01
45.7826	2.34E-02	4.69E-02	7.03E-02	9.37E-02	1.17E-01	1.41E-01	1.64E-01	1.87E-01
46.3696	2.36E-02	4.73E-02	7.09E-02	9.46E-02	1.18E-01	1.42E-01	1.66E-01	1.89E-01
46.9565	2.39E-02	4.77E-02	7.16E-02	9.55E-02	1.19E-01	1.43E-01	1.67E-01	1.91E-01
47.5435	2.41E-02	4.82E-02	7.22E-02	9.63E-02	1.20E-01	1.44E-01	1.69E-01	1.93E-01
48.1304	2.43E-02	4.86E-02	7.29E-02	9.72E-02	1.21E-01	1.46E-01	1.70E-01	1.94E-01
48.7174	2.45E-02	4.90E-02	7.35E-02	9.80E-02	1.22E-01	1.47E-01	1.71E-01	1.96E-01
49.3043	2.47E-02	4.94E-02	7.41E-02	9.88E-02	1.24E-01	1.48E-01	1.73E-01	1.98E-01
49.8913	2.49E-02	4.98E-02	7.47E-02	9.96E-02	1.25E-01	1.49E-01	1.74E-01	1.99E-01
50.4783	2.51E-02	5.02E-02	7.53E-02	1.00E-01	1.26E-01	1.51E-01	1.76E-01	2.01E-01
51.0652	2.53E-02	5.06E-02	7.59E-02	1.01E-01	1.26E-01	1.52E-01	1.77E-01	2.02E-01
51.6522	2.55E-02	5.10E-02	7.65E-02	1.02E-01	1.27E-01	1.53E-01	1.78E-01	2.04E-01
52.2391	2.57E-02	5.14E-02	7.70E-02	1.03E-01	1.28E-01	1.54E-01	1.80E-01	2.05E-01
52.8261	2.59E-02	5.17E-02	7.76E-02	1.03E-01	1.29E-01	1.55E-01	1.81E-01	2.07E-01
53.413	2.60E-02	5.21E-02	7.81E-02	1.04E-01	1.30E-01	1.56E-01	1.82E-01	2.08E-01
54	2.62E-02	5.24E-02	7.87E-02	1.05E-01	1.31E-01	1.57E-01	1.84E-01	2.10E-01
54.587	2.64E-02	5.28E-02	7.92E-02	1.06E-01	1.32E-01	1.58E-01	1.85E-01	2.11E-01
55.1739	2.66E-02	5.31E-02	7.97E-02	1.06E-01	1.33E-01	1.59E-01	1.86E-01	2.13E-01
55.7609	2.67E-02	5.35E-02	8.02E-02	1.07E-01	1.34E-01	1.60E-01	1.87E-01	2.14E-01
56.3478	2.69E-02	5.38E-02	8.07E-02	1.08E-01	1.34E-01	1.61E-01	1.88E-01	2.15E-01
56.9348	2.71E-02	5.41E-02	8.12E-02	1.08E-01	1.35E-01	1.62E-01	1.89E-01	2.16E-01
57.5217	2.72E-02	5.44E-02	8.16E-02	1.09E-01	1.36E-01	1.63E-01	1.91E-01	2.18E-01
58.1087	2.74E-02	5.47E-02	8.21E-02	1.09E-01	1.37E-01	1.64E-01	1.92E-01	2.19E-01
58.6957	2.75E-02	5.50E-02	8.25E-02	1.10E-01	1.38E-01	1.65E-01	1.93E-01	2.20E-01
59.2826	2.77E-02	5.53E-02	8.30E-02	1.11E-01	1.38E-01	1.66E-01	1.94E-01	2.21E-01
59.8696	2.78E-02	5.56E-02	8.34E-02	1.11E-01	1.39E-01	1.67E-01	1.95E-01	2.22E-01
60.4565	2.79E-02	5.59E-02	8.38E-02	1.12E-01	1.40E-01	1.68E-01	1.96E-01	2.23E-01
61.0435	2.81E-02	5.61E-02	8.42E-02	1.12E-01	1.40E-01	1.68E-01	1.96E-01	2.25E-01
61.6304	2.82E-02	5.64E-02	8.46E-02	1.13E-01	1.41E-01	1.69E-01	1.97E-01	2.26E-01
62.2174	2.83E-02	5.66E-02	8.50E-02	1.13E-01	1.42E-01	1.70E-01	1.98E-01	2.27E-01
62.8043	2.84E-02	5.69E-02	8.53E-02	1.14E-01	1.42E-01	1.71E-01	1.99E-01	2.28E-01
63.3913	2.86E-02	5.71E-02	8.57E-02	1.14E-01	1.43E-01	1.71E-01	2.00E-01	2.28E-01
63.9783	2.87E-02	5.73E-02	8.60E-02	1.15E-01	1.43E-01	1.72E-01	2.01E-01	2.29E-01
64.5652	2.88E-02	5.76E-02	8.63E-02	1.15E-01	1.44E-01	1.73E-01	2.01E-01	2.30E-01
65.1522	2.89E-02	5.78E-02	8.67E-02	1.16E-01	1.44E-01	1.73E-01	2.02E-01	2.31E-01
65.7391	2.90E-02	5.80E-02	8.70E-02	1.16E-01	1.45E-01	1.74E-01	2.03E-01	2.32E-01
66.3261	2.91E-02	5.82E-02	8.72E-02	1.16E-01	1.45E-01	1.74E-01	2.04E-01	2.33E-01
66.913	2.92E-02	5.83E-02	8.75E-02	1.17E-01	1.46E-01	1.75E-01	2.04E-01	2.33E-01
67.5	2.93E-02	5.85E-02	8.78E-02	1.17E-01	1.46E-01	1.76E-01	2.05E-01	2.34E-01
68.087	2.93E-02	5.87E-02	8.80E-02	1.17E-01	1.47E-01	1.76E-01	2.05E-01	2.35E-01
68.6739	2.94E-02	5.88E-02	8.82E-02	1.18E-01	1.47E-01	1.76E-01	2.06E-01	2.35E-01
69.2609	2.95E-02	5.90E-02	8.85E-02	1.18E-01	1.47E-01	1.77E-01	2.06E-01	2.36E-01
69.8478	2.96E-02	5.91E-02	8.87E-02	1.18E-01	1.48E-01	1.77E-01	2.07E-01	2.36E-01
70.4348	2.96E-02	5.92E-02	8.89E-02	1.18E-01	1.48E-01	1.78E-01	2.07E-01	2.37E-01
71.0217	2.97E-02	5.94E-02	8.90E-02	1.19E-01	1.48E-01	1.78E-01	2.08E-01	2.37E-01
71.6087	2.97E-02	5.95E-02	8.92E-02	1.19E-01	1.49E-01	1.78E-01	2.08E-01	2.38E-01
72.1957	2.98E-02	5.96E-02	8.94E-02	1.19E-01	1.49E-01	1.79E-01	2.08E-01	2.38E-01
72.7826	2.98E-02	5.97E-02	8.95E-02	1.19E-01	1.49E-01	1.79E-01	2.09E-01	2.39E-01
73.3696	2.99E-02	5.97E-02	8.96E-02	1.19E-01	1.49E-01	1.79E-01	2.09E-01	2.39E-01
73.9565	2.99E-02	5.98E-02	8.97E-02	1.20E-01	1.50E-01	1.79E-01	2.09E-01	2.39E-01
74.5435	2.99E-02	5.99E-02	8.98E-02	1.20E-01	1.50E-01	1.80E-01	2.10E-01	2.39E-01
75.1304	3.00E-02	5.99E-02	8.99E-02	1.20E-01	1.50E-01	1.80E-01	2.10E-01	2.40E-01
75.7174	3.00E-02	6.00E-02	9.00E-02	1.20E-01	1.50E-01	1.80E-01	2.10E-01	2.40E-01
76.3043	3.00E-02	6.00E-02	9.00E-02	1.20E-01	1.50E-01	1.80E-01	2.10E-01	2.40E-01
76.8913	3.00E-02	6.00E-02	9.00E-02	1.20E-01	1.50E-01	1.80E-01	2.10E-01	2.40E-01
77.4783	3.00E-02	6.00E-02	9.00E-02	1.20E-01	1.50E-01	1.80E-01	2.10E-01	2.40E-01
78.0652	3.00E-02	6.00E-02	9.01E-02	1.20E-01	1.50E-01	1.80E-01	2.10E-01	2.40E-01
78.6522	3.00E-02	6.00E-02	9.00E-02	1.20E-01	1.50E-01	1.80E-01	2.10E-01	2.40E-01
79.2391	3.00E-02	6.00E-02	9.00E-02	1.20E-01	1.50E-01	1.80E-01	2.10E-01	2.40E-01
79.8261	3.00E-02	6.00E-02	9.00E-02	1.20E-01	1.50E-01	1.80E-01	2.10E-01	2.40E-01
80.413	3.00E-02	5.99E-02	8.99E-02	1.20E-01	1.50E-01	1.80E-01	2.10E-01	2.40E-01
81	2.99E-02	5.99E-02	8.98E-02	1.20E-01	1.50E-01	1.80E-01	2.10E-01	2.40E-01
81.587	2.99E-02	5.98E-02	8.97E-02	1.20E-01	1.50E-01	1.79E-01	2.09E-01	2.39E-01
82.1739	2.99E-02	5.98E-02	8.96E-02	1.20E-01	1.49E-01	1.79E-01	2.09E-01	2.39E-01
82.7609	2.98E-02	5.97E-02	8.95E-02	1.19E-01	1.49E-01	1.79E-01	2.09E-01	2.39E-01
83.3478	2.98E-02	5.96E-02	8.94E-02	1.19E-01	1.49E-01	1.79E-01	2.09E-01	2.38E-01
83.9348	2.97E-02	5.95E-02	8.92E-02	1.19E-01	1.49E-01	1.78E-01	2.08E-01	2.38E-01
84.5217	2.97E-02	5.94E-02	8.90E-02	1.19E-01	1.48E-01	1.78E-01	2.08E-01	2.37E-01
85.1087	2.96E-02	5.92E-02	8.88E-02	1.18E-01	1.48E-01	1.78E-01	2.07E-01	2.37E-01
85.6957	2.95E-02	5.91E-02	8.86E-02	1.18E-01	1.48E-01	1.77E-01	2.07E-01	2.36E-01
86.2826	2.95E-02	5.89E-02	8.84E-02	1.18E-01	1.47E-01	1.77E-01	2.06E-01	2.36E-01
86.8696	2.94E-02	5.88E-02	8.82E-02	1.18E-01	1.47E-01	1.76E-01	2.06E-01	2.35E-01
87.4565	2.93E-02	5.86E-02	8.79E-02	1.17E-01	1.47E-01	1.76E-01	2.05E-01	2.34E-01
88.0435	2.92E-02	5.84E-02	8.76E-02	1.17E-01	1.46E-01	1.75E-01	2.04E-01	2.34E-01
88.6304	2.91E-02	5.82E-02	8.73E-02	1.16E-01	1.46E-01	1.75E-01	2.04E-01	2.33E-01
89.2174	2.90E-02	5.80E-02	8.70E-02	1.16E-01	1.45E-01	1.74E-01	2.03E-01	2.32E-01
89.8043	2.89E-02	5.78E-02	8.67E-02	1.16E-01	1.45E-01	1.73E-01	2.02E-01	2.31E-01
90.3913	2.88E-02	5.76E-02	8.64E-02	1.15E-01	1.44E-01	1.73E-01	2.02E-01	2.30E-01
90.9783	2.87E-02	5.73E-02	8.60E-02	1.15E-01	1.43E-01	1.72E-01	2.01E-01	2.29E-01
91.5652	2.85E-02	5.71E-02	8.56E-02	1.14E-01	1.43E-01	1.71E-01	2.00E-01	2.28E-01
92.1522	2.84E-02	5.68E-02	8.52E-02	1.14E-01	1.42E-01	1.70E-01	1.99E-01	2.27E-01
92.7391	2.83E-02	5.65E-02	8.48E-02	1.13E-01	1.41E-01	1.70E-01	1.98E-01	2.26E-01
93.3261	2.81E-02	5.62E-02	8.44E-02	1.12E-01	1.41E-01	1.69E-01	1.97E-01	2.25E-01
93.913	2.80E-02	5.59E-02	8.39E-02	1.12E-01	1.40E-01	1.68E-01	1.96E-01	2.24E-01
94.5	2.78E-02	5.56E-02	8.34E-02	1.11E-01	1.39E-01	1.67E-01	1.95E-01	2.23E-01
95.087	2.76E-02	5.53E-02	8.29E-02	1.11E-01	1.38E-01	1.66E-01	1.94E-01	2.21E-01
95.6739	2.75E-02	5.50E-02	8.24E-02	1.10E-01	1.37E-01	1.65E-01	1.92E-01	2.20E-01
96.2609	2.73E-02	5.46E-02	8.19E-02	1.09E-01	1.37E-01	1.64E-01	1.91E-01	2.18E-01
96.8478	2.71E-02	5.42E-02	8.14E-02	1.08E-01	1.36E-01	1.63E-01	1.90E-01	2.17E-01
97.4348	2.69E-02	5.39E-02	8.08E-02	1.08E-01	1.35E-01	1.62E-01	1.89E-01	2.15E-01
98.0217	2.67E-02	5.35E-02	8.02E-02	1.07E-01	1.34E-01	1.60E-01	1.87E-01	2.14E-01
98.6087	2.65E-02	5.31E-02	7.96E-02	1.06E-01	1.33E-01	1.59E-01	1.86E-01	2.12E-01
99.1957	2.63E-02	5.27E-02	7.90E-02	1.05E-01	1.32E-01	1.58E-01	1.84E-01	2.11E-01
99.7826	2.61E-02	5.22E-02	7.83E-02	1.04E-01	1.31E-01	1.57E-01	1.83E-01	2.09E-01
100.37	2.59E-02	5.18E-02	7.77E-02	1.04E-01	1.29E-01	1.55E-01	1.81E-01	2.07E-01
100.957	2.57E-02	5.13E-02	7.70E-02	1.03E-01	1.28E-01	1.54E-01	1.80E-01	2.05E-01
101.543	2.54E-02	5.09E-02	7.63E-02	1.02E-01	1.27E-01	1.53E-01	1.78E-01	2.03E-01
102.13	2.52E-02	5.04E-02	7.56E-02	1.01E-01	1.26E-01	1.51E-01	1.76E-01	2.01E-01
102.717	2.49E-02	4.99E-02	7.48E-02	9.98E-02	1.25E-01	1.50E-01	1.75E-01	2.00E-01
103.304	2.47E-02	4.94E-02	7.40E-02	9.87E-02	1.23E-01	1.48E-01	1.73E-01	1.97E-01
103.891	2.44E-02	4.88E-02	7.33E-02	9.77E-02	1.22E-01	1.47E-01	1.71E-01	1.95E-01
104.478	2.42E-02	4.83E-02	7.25E-02	9.66E-02	1.21E-01	1.45E-01	1.69E-01	1.93E-01
105.065	2.39E-02	4.78E-02	7.16E-02	9.55E-02	1.19E-01	1.43E-01	1.67E-01	1.91E-01
105.652	2.36E-02	4.72E-02	7.08E-02	9.44E-02	1.18E-01	1.42E-01	1.65E-01	1.89E-01
106.239	2.33E-02	4.66E-02	6.99E-02	9.32E-02	1.17E-01	1.40E-01	1.63E-01	1.86E-01
106.826	2.30E-02	4.60E-02	6.90E-02	9.20E-02	1.15E-01	1.38E-01	1.61E-01	1.84E-01
107.413	2.27E-02	4.54E-02	6.81E-02	9.08E-02	1.14E-01	1.36E-01	1.59E-01	1.82E-01
108	2.24E-02	4.48E-02	6.72E-02	8.96E-02	1.12E-01	1.34E-01	1.57E-01	1.79E-01
108.587	2.21E-02	4.42E-02	6.62E-02	8.83E-02	1.10E-01	1.32E-01	1.55E-01	1.77E-01
109.174	2.18E-02	4.35E-02	6.53E-02	8.70E-02	1.09E-01	1.31E-01	1.52E-01	1.74E-01
109.761	2.14E-02	4.29E-02	6.43E-02	8.57E-02	1.07E-01	1.29E-01	1.50E-01	1.71E-01
110.348	2.11E-02	4.22E-02	6.33E-02	8.44E-02	1.05E-01	1.27E-01	1.48E-01	1.69E-01
110.935	2.07E-02	4.15E-02	6.22E-02	8.30E-02	1.04E-01	1.24E-01	1.45E-01	1.66E-01
111.522	2.04E-02	4.08E-02	6.12E-02	8.16E-02	1.02E-01	1.22E-01	1.43E-01	1.63E-01
112.109	2.00E-02	4.01E-02	6.01E-02	8.01E-02	1.00E-01	1.20E-01	1.40E-01	1.60E-01
112.696	1.97E-02	3.93E-02	5.90E-02	7.86E-02	9.83E-02	1.18E-01	1.38E-01	1.57E-01
113.283	1.93E-02	3.86E-02	5.79E-02	7.71E-02	9.64E-02	1.16E-01	1.35E-01	1.54E-01
113.87	1.89E-02	3.78E-02	5.67E-02	7.56E-02	9.45E-02	1.13E-01	1.32E-01	1.51E-01
114.457	1.85E-02	3.70E-02	5.55E-02	7.41E-02	9.26E-02	1.11E-01	1.30E-01	1.48E-01
115.043	1.81E-02	3.62E-02	5.44E-02	7.25E-02	9.06E-02	1.09E-01	1.27E-01	1.45E-01
115.63	1.77E-02	3.54E-02	5.31E-02	7.09E-02	8.86E-02	1.06E-01	1.24E-01	1.42E-01
116.217	1.73E-02	3.46E-02	5.19E-02	6.92E-02	8.65E-02	1.04E-01	1.21E-01	1.38E-01
116.804	1.69E-02	3.38E-02	5.06E-02	6.75E-02	8.44E-02	1.01E-01	1.18E-01	1.35E-01
117.391	1.65E-02	3.29E-02	4.94E-02	6.58E-02	8.23E-02	9.87E-02	1.15E-01	1.32E-01
117.978	1.60E-02	3.20E-02	4.81E-02	6.41E-02	8.01E-02	9.61E-02	1.12E-01	1.28E-01
118.565	1.56E-02	3.12E-02	4.67E-02	6.23E-02	7.79E-02	9.35E-02	1.09E-01	1.25E-01
119.152	1.51E-02	3.03E-02	4.54E-02	6.05E-02	7.56E-02	9.08E-02	1.06E-01	1.21E-01
119.739	1.47E-02	2.93E-02	4.40E-02	5.87E-02	7.33E-02	8.80E-02	1.03E-01	1.17E-01
120.326	1.42E-02	2.84E-02	4.26E-02	5.68E-02	7.10E-02	8.52E-02	9.94E-02	1.14E-01
120.913	1.37E-02	2.75E-02	4.12E-02	5.49E-02	6.86E-02	8.24E-02	9.61E-02	1.10E-01
121.5	1.32E-02	2.65E-02	3.97E-02	5.30E-02	6.62E-02	7.95E-02	9.27E-02	1.06E-01
122.087	1.28E-02	2.55E-02	3.83E-02	5.10E-02	6.38E-02	7.66E-02	8.93E-02	1.02E-01
122.674	1.23E-02	2.45E-02	3.68E-02	4.90E-02	6.13E-02	7.36E-02	8.58E-02	9.81E-02
123.261	1.18E-02	2.35E-02	3.53E-02	4.70E-02	5.88E-02	7.05E-02	8.23E-02	9.41E-02
123.848	1.12E-02	2.25E-02	3.37E-02	4.50E-02	5.62E-02	6.75E-02	7.87E-02	9.00E-02
124.435	1.07E-02	2.14E-02	3.22E-02	4.29E-02	5.36E-02	6.43E-02	7.51E-02	8.58E-02
125.022	1.02E-02	2.04E-02	3.06E-02	4.08E-02	5.10E-02	6.12E-02	7.14E-02	8.16E-02
125.609	9.66E-03	1.93E-02	2.90E-02	3.86E-02	4.83E-02	5.80E-02	6.76E-02	7.73E-02
126.196	9.12E-03	1.82E-02	2.73E-02	3.65E-02	4.56E-02	5.47E-02	6.38E-02	7.29E-02
126.783	8.56E-03	1.71E-02	2.57E-02	3.43E-02	4.28E-02	5.14E-02	5.99E-02	6.85E-02
127.37	8.00E-03	1.60E-02	2.40E-02	3.20E-02	4.00E-02	4.80E-02	5.60E-02	6.40E-02
127.957	7.44E-03	1.49E-02	2.23E-02	2.97E-02	3.72E-02	4.46E-02	5.21E-02	5.95E-02
128.543	6.86E-03	1.37E-02	2.06E-02	2.74E-02	3.43E-02	4.12E-02	4.80E-02	5.49E-02
129.13	6.28E-03	1.26E-02	1.88E-02	2.51E-02	3.14E-02	3.77E-02	4.39E-02	5.02E-02
129.717	5.68E-03	1.14E-02	1.71E-02	2.27E-02	2.84E-02	3.41E-02	3.98E-02	4.55E-02
130.304	5.08E-03	1.02E-02	1.53E-02	2.03E-02	2.54E-02	3.05E-02	3.56E-02	4.07E-02
130.891	4.48E-03	8.95E-03	1.34E-02	1.79E-02	2.24E-02	2.69E-02	3.13E-02	3.58E-02
131.478	3.86E-03	7.72E-03	1.16E-02	1.54E-02	1.93E-02	2.32E-02	2.70E-02	3.09E-02
132.065	3.24E-03	6.47E-03	9.71E-03	1.29E-02	1.62E-02	1.94E-02	2.26E-02	2.59E-02
132.652	2.60E-03	5.21E-03	7.81E-03	1.04E-02	1.30E-02	1.56E-02	1.82E-02	2.08E-02
133.239	1.96E-03	3.92E-03	5.88E-03	7.84E-03	9.80E-03	1.18E-02	1.37E-02	1.57E-02
133.826	1.31E-03	2.63E-03	3.94E-03	5.25E-03	6.56E-03	7.88E-03	9.19E-03	1.05E-02
134.413	6.52E-04	1.30E-03	1.95E-03	2.61E-03	3.26E-03	3.91E-03	4.56E-03	5.21E-03
135	-1.64E-05	-3.29E-05	-4.93E-05	-6.58E-05	-8.22E-05	-9.87E-05	-1.15E-04	-1.32E-04
135.588	-7.00E-04	-1.40E-03	-2.10E-03	-2.80E-03	-3.50E-03	-4.20E-03	-4.90E-03	-5.60E-03
136.176	-1.39E-03	-2.78E-03	-4.17E-03	-5.57E-03	-6.96E-03	-8.35E-03	-9.74E-03	-1.11E-02
136.765	-2.10E-03	-4.19E-03	-6.29E-03	-8.38E-03	-1.05E-02	-1.26E-02	-1.47E-02	-1.68E-02
137.353	-2.80E-03	-5.61E-03	-8.41E-03	-1.12E-02	-1.40E-02	-1.68E-02	-1.96E-02	-2.24E-02
137.941	-3.52E-03	-7.05E-03	-1.06E-02	-1.41E-02	-1.76E-02	-2.11E-02	-2.47E-02	-2.82E-02
138.529	-4.25E-03	-8.50E-03	-1.28E-02	-1.70E-02	-2.13E-02	-2.55E-02	-2.98E-02	-3.40E-02
139.118	-4.99E-03	-9.98E-03	-1.50E-02	-2.00E-02	-2.49E-02	-2.99E-02	-3.49E-02	-3.99E-02
139.706	-5.73E-03	-1.15E-02	-1.72E-02	-2.29E-02	-2.87E-02	-3.44E-02	-4.01E-02	-4.59E-02
140.294	-6.48E-03	-1.30E-02	-1.95E-02	-2.59E-02	-3.24E-02	-3.89E-02	-4.54E-02	-5.19E-02
140.882	-7.24E-03	-1.45E-02	-2.17E-02	-2.90E-02	-3.62E-02	-4.35E-02	-5.07E-02	-5.80E-02
141.471	-8.01E-03	-1.60E-02	-2.40E-02	-3.20E-02	-4.01E-02	-4.81E-02	-5.61E-02	-6.41E-02
142.059	-8.79E-03	-1.76E-02	-2.64E-02	-3.52E-02	-4.39E-02	-5.27E-02	-6.15E-02	-7.03E-02
142.647	-9.57E-03	-1.91E-02	-2.87E-02	-3.83E-02	-4.79E-02	-5.74E-02	-6.70E-02	-7.66E-02
143.235	-1.04E-02	-2.07E-02	-3.11E-02	-4.15E-02	-5.18E-02	-6.22E-02	-7.25E-02	-8.29E-02
143.824	-1.12E-02	-2.23E-02	-3.35E-02	-4.47E-02	-5.58E-02	-6.70E-02	-7.81E-02	-8.93E-02
144.412	-1.20E-02	-2.39E-02	-3.59E-02	-4.79E-02	-5.99E-02	-7.18E-02	-8.38E-02	-9.58E-02
145	-1.28E-02	-2.56E-02	-3.84E-02	-5.11E-02	-6.39E-02	-7.67E-02	-8.95E-02	-1.02E-01
145.588	-1.36E-02	-2.72E-02	-4.08E-02	-5.44E-02	-6.80E-02	-8.17E-02	-9.53E-02	-1.09E-01
146.176	-1.44E-02	-2.89E-02	-4.33E-02	-5.78E-02	-7.22E-02	-8.66E-02	-1.01E-01	-1.16E-01
146.765	-1.53E-02	-3.06E-02	-4.58E-02	-6.11E-02	-7.64E-02	-9.17E-02	-1.07E-01	-1.22E-01
147.353	-1.61E-02	-3.23E-02	-4.84E-02	-6.45E-02	-8.06E-02	-9.68E-02	-1.13E-01	-1.29E-01
147.941	-1.70E-02	-3.40E-02	-5.09E-02	-6.79E-02	-8.49E-02	-1.02E-01	-1.19E-01	-1.36E-01
148.529	-1.78E-02	-3.57E-02	-5.35E-02	-7.14E-02	-8.92E-02	-1.07E-01	-1.25E-01	-1.43E-01
149.118	-1.87E-02	-3.74E-02	-5.61E-02	-7.49E-02	-9.36E-02	-1.12E-01	-1.31E-01	-1.50E-01
149.706	-1.96E-02	-3.92E-02	-5.88E-02	-7.84E-02	-9.80E-02	-1.18E-01	-1.37E-01	-1.57E-01
150.294	-2.05E-02	-4.10E-02	-6.14E-02	-8.19E-02	-1.02E-01	-1.23E-01	-1.43E-01	-1.64E-01
150.882	-2.14E-02	-4.27E-02	-6.41E-02	-8.55E-02	-1.07E-01	-1.28E-01	-1.50E-01	-1.71E-01
151.471	-2.23E-02	-4.45E-02	-6.68E-02	-8.91E-02	-1.11E-01	-1.34E-01	-1.56E-01	-1.78E-01
152.059	-2.32E-02	-4.64E-02	-6.95E-02	-9.27E-02	-1.16E-01	-1.39E-01	-1.62E-01	-1.85E-01
152.647	-2.41E-02	-4.82E-02	-7.23E-02	-9.64E-02	-1.20E-01	-1.45E-01	-1.69E-01	-1.93E-01
153.235	-2.50E-02	-5.00E-02	-7.50E-02	-1.00E-01	-1.25E-01	-1.50E-01	-1.75E-01	-2.00E-01
153.824	-2.59E-02	-5.19E-02	-7.78E-02	-1.04E-01	-1.30E-01	-1.56E-01	-1.82E-01	-2.08E-01
154.412	-2.69E-02	-5.38E-02	-8.06E-02	-1.08E-01	-1.34E-01	-1.61E-01	-1.88E-01	-2.15E-01
155	-2.78E-02	-5.57E-02	-8.35E-02	-1.11E-01	-1.39E-01	-1.67E-01	-1.95E-01	-2.23E-01
155.588	-2.88E-02	-5.76E-02	-8.63E-02	-1.15E-01	-1.44E-01	-1.73E-01	-2.01E-01	-2.30E-01
156.176	-2.97E-02	-5.95E-02	-8.92E-02	-1.19E-01	-1.49E-01	-1.78E-01	-2.08E-01	-2.38E-01
156.765	-3.07E-02	-6.14E-02	-9.21E-02	-1.23E-01	-1.54E-01	-1.84E-01	-2.15E-01	-2.46E-01
157.353	-3.17E-02	-6.34E-02	-9.50E-02	-1.27E-01	-1.58E-01	-1.90E-01	-2.22E-01	-2.53E-01
157.941	-3.27E-02	-6.53E-02	-9.80E-02	-1.31E-01	-1.63E-01	-1.96E-01	-2.29E-01	-2.61E-01
158.529	-3.36E-02	-6.73E-02	-1.01E-01	-1.35E-01	-1.68E-01	-2.02E-01	-2.36E-01	-2.69E-01
159.118	-3.46E-02	-6.93E-02	-1.04E-01	-1.39E-01	-1.73E-01	-2.08E-01	-2.43E-01	-2.77E-01
159.706	-3.56E-02	-7.13E-02	-1.07E-01	-1.43E-01	-1.78E-01	-2.14E-01	-2.50E-01	-2.85E-01
160.294	-3.67E-02	-7.33E-02	-1.10E-01	-1.47E-01	-1.83E-01	-2.20E-01	-2.57E-01	-2.93E-01
160.882	-3.77E-02	-7.53E-02	-1.13E-01	-1.51E-01	-1.88E-01	-2.26E-01	-2.64E-01	-3.01E-01
161.471	-3.87E-02	-7.74E-02	-1.16E-01	-1.55E-01	-1.93E-01	-2.32E-01	-2.71E-01	-3.10E-01
162.059	-3.97E-02	-7.95E-02	-1.19E-01	-1.59E-01	-1.99E-01	-2.38E-01	-2.78E-01	-3.18E-01
162.647	-4.08E-02	-8.15E-02	-1.22E-01	-1.63E-01	-2.04E-01	-2.45E-01	-2.85E-01	-3.26E-01
163.235	-4.18E-02	-8.36E-02	-1.25E-01	-1.67E-01	-2.09E-01	-2.51E-01	-2.93E-01	-3.34E-01
163.824	-4.29E-02	-8.57E-02	-1.29E-01	-1.71E-01	-2.14E-01	-2.57E-01	-3.00E-01	-3.43E-01
164.412	-4.39E-02	-8.78E-02	-1.32E-01	-1.76E-01	-2.20E-01	-2.63E-01	-3.07E-01	-3.51E-01
165	-4.50E-02	-9.00E-02	-1.35E-01	-1.80E-01	-2.25E-01	-2.70E-01	-3.15E-01	-3.60E-01
165.588	-4.60E-02	-9.21E-02	-1.38E-01	-1.84E-01	-2.30E-01	-2.76E-01	-3.22E-01	-3.68E-01
166.176	-4.71E-02	-9.42E-02	-1.41E-01	-1.88E-01	-2.36E-01	-2.83E-01	-3.30E-01	-3.77E-01
166.765	-4.82E-02	-9.64E-02	-1.45E-01	-1.93E-01	-2.41E-01	-2.89E-01	-3.37E-01	-3.86E-01
167.353	-4.93E-02	-9.86E-02	-1.48E-01	-1.97E-01	-2.46E-01	-2.96E-01	-3.45E-01	-3.94E-01
167.941	-5.04E-02	-1.01E-01	-1.51E-01	-2.02E-01	-2.52E-01	-3.02E-01	-3.53E-01	-4.03E-01
168.529	-5.15E-02	-1.03E-01	-1.54E-01	-2.06E-01	-2.57E-01	-3.09E-01	-3.60E-01	-4.12E-01
169.118	-5.26E-02	-1.05E-01	-1.58E-01	-2.10E-01	-2.63E-01	-3.16E-01	-3.68E-01	-4.21E-01
169.706	-5.37E-02	-1.07E-01	-1.61E-01	-2.15E-01	-2.69E-01	-3.22E-01	-3.76E-01	-4.30E-01
170.294	-5.48E-02	-1.10E-01	-1.65E-01	-2.19E-01	-2.74E-01	-3.29E-01	-3.84E-01	-4.39E-01
170.882	-5.60E-02	-1.12E-01	-1.68E-01	-2.24E-01	-2.80E-01	-3.36E-01	-3.92E-01	-4.48E-01
171.471	-5.71E-02	-1.14E-01	-1.71E-01	-2.28E-01	-2.86E-01	-3.43E-01	-4.00E-01	-4.57E-01
172.059	-5.82E-02	-1.16E-01	-1.75E-01	-2.33E-01	-2.91E-01	-3.49E-01	-4.08E-01	-4.66E-01
172.647	-5.94E-02	-1.19E-01	-1.78E-01	-2.38E-01	-2.97E-01	-3.56E-01	-4.16E-01	-4.75E-01
173.235	-6.05E-02	-1.21E-01	-1.82E-01	-2.42E-01	-3.03E-01	-3.63E-01	-4.24E-01	-4.84E-01
173.824	-6.17E-02	-1.23E-01	-1.85E-01	-2.47E-01	-3.08E-01	-3.70E-01	-4.32E-01	-4.94E-01
174.412	-6.29E-02	-1.26E-01	-1.89E-01	-2.51E-01	-3.14E-01	-3.77E-01	-4.40E-01	-5.03E-01
175	-6.40E-02	-1.28E-01	-1.92E-01	-2.56E-01	-3.20E-01	-3.84E-01	-4.48E-01	-5.12E-01
175.588	-6.52E-02	-1.30E-01	-1.96E-01	-2.61E-01	-3.26E-01	-3.91E-01	-4.56E-01	-5.22E-01
176.176	-6.64E-02	-1.33E-01	-1.99E-01	-2.66E-01	-3.32E-01	-3.98E-01	-4.65E-01	-5.31E-01
176.765	-6.76E-02	-1.35E-01	-2.03E-01	-2.70E-01	-3.38E-01	-4.05E-01	-4.73E-01	-5.41E-01
177.353	-6.88E-02	-1.38E-01	-2.06E-01	-2.75E-01	-3.44E-01	-4.13E-01	-4.81E-01	-5.50E-01
177.941	-7.00E-02	-1.40E-01	-2.10E-01	-2.80E-01	-3.50E-01	-4.20E-01	-4.90E-01	-5.60E-01
178.529	-7.12E-02	-1.42E-01	-2.14E-01	-2.85E-01	-3.56E-01	-4.27E-01	-4.98E-01	-5.69E-01
179.118	-7.24E-02	-1.45E-01	-2.17E-01	-2.90E-01	-3.62E-01	-4.34E-01	-5.07E-01	-5.79E-01
179.706	-7.36E-02	-1.47E-01	-2.21E-01	-2.94E-01	-3.68E-01	-4.42E-01	-5.15E-01	-5.89E-01
180.294	-7.48E-02	-1.50E-01	-2.24E-01	-2.99E-01	-3.74E-01	-4.49E-01	-5.24E-01	-5.99E-01
180.882	-7.60E-02	-1.52E-01	-2.28E-01	-3.04E-01	-3.80E-01	-4.56E-01	-5.32E-01	-6.08E-01
181.471	-7.73E-02	-1.55E-01	-2.32E-01	-3.09E-01	-3.86E-01	-4.64E-01	-5.41E-01	-6.18E-01
182.059	-7.85E-02	-1.57E-01	-2.36E-01	-3.14E-01	-3.93E-01	-4.71E-01	-5.50E-01	-6.28E-01
182.647	-7.98E-02	-1.60E-01	-2.39E-01	-3.19E-01	-3.99E-01	-4.79E-01	-5.58E-01	-6.38E-01
183.235	-8.10E-02	-1.62E-01	-2.43E-01	-3.24E-01	-4.05E-01	-4.86E-01	-5.67E-01	-6.48E-01
183.824	-8.23E-02	-1.65E-01	-2.47E-01	-3.29E-01	-4.11E-01	-4.94E-01	-5.76E-01	-6.58E-01
184.412	-8.35E-02	-1.67E-01	-2.51E-01	-3.34E-01	-4.18E-01	-5.01E-01	-5.85E-01	-6.68E-01
185	-8.48E-02	-1.70E-01	-2.54E-01	-3.39E-01	-4.24E-01	-5.09E-01	-5.93E-01	-6.78E-01
185.588	-8.60E-02	-1.72E-01	-2.58E-01	-3.44E-01	-4.30E-01	-5.16E-01	-6.02E-01	-6.88E-01
186.176	-8.73E-02	-1.75E-01	-2.62E-01	-3.49E-01	-4.37E-01	-5.24E-01	-6.11E-01	-6.99E-01
186.765	-8.86E-02	-1.77E-01	-2.66E-01	-3.54E-01	-4.43E-01	-5.32E-01	-6.20E-01	-7.09E-01
187.353	-8.99E-02	-1.80E-01	-2.70E-01	-3.60E-01	-4.49E-01	-5.39E-01	-6.29E-01	-7.19E-01
187.941	-9.12E-02	-1.82E-01	-2.73E-01	-3.65E-01	-4.56E-01	-5.47E-01	-6.38E-01	-7.29E-01
188.529	-9.25E-02	-1.85E-01	-2.77E-01	-3.70E-01	-4.62E-01	-5.55E-01	-6.47E-01	-7.40E-01
189.118	-9.38E-02	-1.88E-01	-2.81E-01	-3.75E-01	-4.69E-01	-5.63E-01	-6.56E-01	-7.50E-01
189.706	-9.51E-02	-1.90E-01	-2.85E-01	-3.80E-01	-4.75E-01	-5.70E-01	-6.65E-01	-7.60E-01
190.294	-9.64E-02	-1.93E-01	-2.89E-01	-3.85E-01	-4.82E-01	-5.78E-01	-6.75E-01	-7.71E-01
190.882	-9.77E-02	-1.95E-01	-2.93E-01	-3.91E-01	-4.88E-01	-5.86E-01	-6.84E-01	-7.81E-01
191.471	-9.90E-02	-1.98E-01	-2.97E-01	-3.96E-01	-4.95E-01	-5.94E-01	-6.93E-01	-7.92E-01
192.059	-1.00E-01	-2.01E-01	-3.01E-01	-4.01E-01	-5.02E-01	-6.02E-01	-7.02E-01	-8.03E-01
192.647	-1.02E-01	-2.03E-01	-3.05E-01	-4.07E-01	-5.08E-01	-6.10E-01	-7.11E-01	-8.13E-01
193.235	-1.03E-01	-2.06E-01	-3.09E-01	-4.12E-01	-5.15E-01	-6.18E-01	-7.21E-01	-8.24E-01
193.824	-1.04E-01	-2.09E-01	-3.13E-01	-4.17E-01	-5.22E-01	-6.26E-01	-7.30E-01	-8.34E-01
194.412	-1.06E-01	-2.11E-01	-3.17E-01	-4.23E-01	-5.28E-01	-6.34E-01	-7.39E-01	-8.45E-01
195	-1.07E-01	-2.14E-01	-3.21E-01	-4.28E-01	-5.35E-01	-6.42E-01	-7.49E-01	-8.56E-01
195.588	-1.08E-01	-2.17E-01	-3.25E-01	-4.33E-01	-5.42E-01	-6.50E-01	-7.58E-01	-8.67E-01
196.176	-1.10E-01	-2.19E-01	-3.29E-01	-4.39E-01	-5.48E-01	-6.58E-01	-7.68E-01	-8.77E-01
196.765	-1.11E-01	-2.22E-01	-3.33E-01	-4.44E-01	-5.55E-01	-6.66E-01	-7.77E-01	-8.88E-01
197.353	-1.12E-01	-2.25E-01	-3.37E-01	-4.50E-01	-5.62E-01	-6.74E-01	-7.87E-01	-8.99E-01
197.941	-1.14E-01	-2.28E-01	-3.41E-01	-4.55E-01	-5.69E-01	-6.83E-01	-7.96E-01	-9.10E-01
198.529	-1.15E-01	-2.30E-01	-3.45E-01	-4.61E-01	-5.76E-01	-6.91E-01	-8.06E-01	-9.21E-01
199.118	-1.17E-01	-2.33E-01	-3.50E-01	-4.66E-01	-5.83E-01	-6.99E-01	-8.16E-01	-9.32E-01
199.706	-1.18E-01	-2.36E-01	-3.54E-01	-4.72E-01	-5.89E-01	-7.07E-01	-8.25E-01	-9.43E-01
200.294	-1.19E-01	-2.39E-01	-3.58E-01	-4.77E-01	-5.96E-01	-7.16E-01	-8.35E-01	-9.54E-01
200.882	-1.21E-01	-2.41E-01	-3.62E-01	-4.83E-01	-6.03E-01	-7.24E-01	-8.45E-01	-9.65E-01
201.471	-1.22E-01	-2.44E-01	-3.66E-01	-4.88E-01	-6.10E-01	-7.32E-01	-8.54E-01	-9.76E-01
202.059	-1.23E-01	-2.47E-01	-3.70E-01	-4.94E-01	-6.17E-01	-7.41E-01	-8.64E-01	-9.87E-01
202.647	-1.25E-01	-2.50E-01	-3.74E-01	-4.99E-01	-6.24E-01	-7.49E-01	-8.74E-01	-9.99E-01
203.235	-1.26E-01	-2.52E-01	-3.79E-01	-5.05E-01	-6.31E-01	-7.57E-01	-8.84E-01	-1.00979
203.824	-1.28E-01	-2.55E-01	-3.83E-01	-5.11E-01	-6.38E-01	-7.66E-01	-8.93E-01	-1.02101
204.412	-1.29E-01	-2.58E-01	-3.87E-01	-5.16E-01	-6.45E-01	-7.74E-01	-9.03E-01	-1.03227
205	-1.30E-01	-2.61E-01	-3.91E-01	-5.22E-01	-6.52E-01	-7.83E-01	-9.13E-01	-1.04355
205.588	-1.32E-01	-2.64E-01	-3.96E-01	-5.27E-01	-6.59E-01	-7.91E-01	-9.23E-01	-1.05486
206.176	-1.33E-01	-2.67E-01	-4.00E-01	-5.33E-01	-6.66E-01	-8.00E-01	-9.33E-01	-1.0662
206.765	-1.35E-01	-2.69E-01	-4.04E-01	-5.39E-01	-6.73E-01	-8.08E-01	-9.43E-01	-1.07757
207.353	-1.36E-01	-2.72E-01	-4.08E-01	-5.44E-01	-6.81E-01	-8.17E-01	-9.53E-01	-1.08897
207.941	-1.38E-01	-2.75E-01	-4.13E-01	-5.50E-01	-6.88E-01	-8.25E-01	-9.63E-01	-1.10039
208.529	-1.39E-01	-2.78E-01	-4.17E-01	-5.56E-01	-6.95E-01	-8.34E-01	-9.73E-01	-1.11184
209.118	-1.40E-01	-2.81E-01	-4.21E-01	-5.62E-01	-7.02E-01	-8.42E-01	-9.83E-01	-1.12331
209.706	-1.42E-01	-2.84E-01	-4.26E-01	-5.67E-01	-7.09E-01	-8.51E-01	-9.93E-01	-1.13481
210.294	-1.43E-01	-2.87E-01	-4.30E-01	-5.73E-01	-7.16E-01	-8.60E-01	-1.00305	-1.14634
210.882	-1.45E-01	-2.89E-01	-4.34E-01	-5.79E-01	-7.24E-01	-8.68E-01	-1.01315	-1.15789
211.471	-1.46E-01	-2.92E-01	-4.39E-01	-5.85E-01	-7.31E-01	-8.77E-01	-1.02328	-1.16947
212.059	-1.48E-01	-2.95E-01	-4.43E-01	-5.91E-01	-7.38E-01	-8.86E-01	-1.03343	-1.18107
212.647	-1.49E-01	-2.98E-01	-4.47E-01	-5.96E-01	-7.45E-01	-8.95E-01	-1.04361	-1.19269
213.235	-1.51E-01	-3.01E-01	-4.52E-01	-6.02E-01	-7.53E-01	-9.03E-01	-1.0538	-1.20434
213.824	-1.52E-01	-3.04E-01	-4.56E-01	-6.08E-01	-7.60E-01	-9.12E-01	-1.06401	-1.21601
214.412	-1.53E-01	-3.07E-01	-4.60E-01	-6.14E-01	-7.67E-01	-9.21E-01	-1.07424	-1.22771
215	-1.55E-01	-3.10E-01	-4.65E-01	-6.20E-01	-7.75E-01	-9.30E-01	-1.0845	-1.23942
215.588	-1.56E-01	-3.13E-01	-4.69E-01	-6.26E-01	-7.82E-01	-9.38E-01	-1.09477	-1.25116
216.176	-1.58E-01	-3.16E-01	-4.74E-01	-6.31E-01	-7.89E-01	-9.47E-01	-1.10506	-1.26292
216.765	-1.59E-01	-3.19E-01	-4.78E-01	-6.37E-01	-7.97E-01	-9.56E-01	-1.11537	-1.27471
217.353	-1.61E-01	-3.22E-01	-4.82E-01	-6.43E-01	-8.04E-01	-9.65E-01	-1.1257	-1.28651
217.941	-1.62E-01	-3.25E-01	-4.87E-01	-6.49E-01	-8.11E-01	-9.74E-01	-1.13604	-1.29834
218.529	-1.64E-01	-3.28E-01	-4.91E-01	-6.55E-01	-8.19E-01	-9.83E-01	-1.14641	-1.31018
219.118	-1.65E-01	-3.31E-01	-4.96E-01	-6.61E-01	-8.26E-01	-9.92E-01	-1.15679	-1.32205
219.706	-1.67E-01	-3.33E-01	-5.00E-01	-6.67E-01	-8.34E-01	-1.00045	-1.16719	-1.33393
220.294	-1.68E-01	-3.36E-01	-5.05E-01	-6.73E-01	-8.41E-01	-1.00938	-1.17761	-1.34584
220.882	-1.70E-01	-3.39E-01	-5.09E-01	-6.79E-01	-8.49E-01	-1.01832	-1.18804	-1.35776
221.471	-1.71E-01	-3.42E-01	-5.14E-01	-6.85E-01	-8.56E-01	-1.02728	-1.19849	-1.3697
222.059	-1.73E-01	-3.45E-01	-5.18E-01	-6.91E-01	-8.64E-01	-1.03625	-1.20896	-1.38166
222.647	-1.74E-01	-3.48E-01	-5.23E-01	-6.97E-01	-8.71E-01	-1.04523	-1.21944	-1.39364
223.235	-1.76E-01	-3.51E-01	-5.27E-01	-7.03E-01	-8.79E-01	-1.05423	-1.22993	-1.40564
223.824	-1.77E-01	-3.54E-01	-5.32E-01	-7.09E-01	-8.86E-01	-1.06324	-1.24045	-1.41765
224.412	-1.79E-01	-3.57E-01	-5.36E-01	-7.15E-01	-8.94E-01	-1.07226	-1.25097	-1.42968
225	-1.80E-01	-3.60E-01	-5.41E-01	-7.21E-01	-9.01E-01	-1.0813	-1.26151	-1.44173
225.588	-1.82E-01	-3.63E-01	-5.45E-01	-7.27E-01	-9.09E-01	-1.09034	-1.27207	-1.45379
226.176	-1.83E-01	-3.66E-01	-5.50E-01	-7.33E-01	-9.16E-01	-1.0994	-1.28264	-1.46587
226.765	-1.85E-01	-3.69E-01	-5.54E-01	-7.39E-01	-9.24E-01	-1.10847	-1.29322	-1.47797
227.353	-1.86E-01	-3.73E-01	-5.59E-01	-7.45E-01	-9.31E-01	-1.11756	-1.30381	-1.49007
227.941	-1.88E-01	-3.76E-01	-5.63E-01	-7.51E-01	-9.39E-01	-1.12665	-1.31442	-1.5022
228.529	-1.89E-01	-3.79E-01	-5.68E-01	-7.57E-01	-9.46E-01	-1.13575	-1.32504	-1.51434
229.118	-1.91E-01	-3.82E-01	-5.72E-01	-7.63E-01	-9.54E-01	-1.14487	-1.33568	-1.52649
229.706	-1.92E-01	-3.85E-01	-5.77E-01	-7.69E-01	-9.62E-01	-1.15399	-1.34632	-1.53865
230.294	-1.94E-01	-3.88E-01	-5.82E-01	-7.75E-01	-9.69E-01	-1.16312	-1.35698	-1.55083
230.882	-1.95E-01	-3.91E-01	-5.86E-01	-7.82E-01	-9.77E-01	-1.17227	-1.36765	-1.56302
231.471	-1.97E-01	-3.94E-01	-5.91E-01	-7.88E-01	-9.85E-01	-1.18142	-1.37832	-1.57523
232.059	-1.98E-01	-3.97E-01	-5.95E-01	-7.94E-01	-9.92E-01	-1.19058	-1.38901	-1.58745
232.647	-2.00E-01	-4.00E-01	-6.00E-01	-8.00E-01	-1.00E+00	-1.19976	-1.39971	-1.59967
233.235	-2.01E-01	-4.03E-01	-6.04E-01	-8.06E-01	-1.00745	-1.20893	-1.41042	-1.61191
233.824	-2.03E-01	-4.06E-01	-6.09E-01	-8.12E-01	-1.0151	-1.21812	-1.42114	-1.62416
234.412	-2.05E-01	-4.09E-01	-6.14E-01	-8.18E-01	-1.02277	-1.22732	-1.43187	-1.63643
235	-2.06E-01	-4.12E-01	-6.18E-01	-8.24E-01	-1.03044	-1.23652	-1.44261	-1.6487
235.588	-2.08E-01	-4.15E-01	-6.23E-01	-8.30E-01	-1.03811	-1.24573	-1.45336	-1.66098
236.176	-2.09E-01	-4.18E-01	-6.27E-01	-8.37E-01	-1.04579	-1.25495	-1.46411	-1.67327
236.765	-2.11E-01	-4.21E-01	-6.32E-01	-8.43E-01	-1.05348	-1.26418	-1.47488	-1.68557
237.353	-2.12E-01	-4.24E-01	-6.37E-01	-8.49E-01	-1.06118	-1.27341	-1.48565	-1.69788
237.941	-2.14E-01	-4.28E-01	-6.41E-01	-8.55E-01	-1.06887	-1.28265	-1.49642	-1.7102
238.529	-2.15E-01	-4.31E-01	-6.46E-01	-8.61E-01	-1.07658	-1.29189	-1.50721	-1.72253
239.118	-2.17E-01	-4.34E-01	-6.51E-01	-8.67E-01	-1.08429	-1.30115	-1.518	-1.73486
239.706	-2.18E-01	-4.37E-01	-6.55E-01	-8.74E-01	-1.092	-1.3104	-1.5288	-1.7472
240.294	-2.20E-01	-4.40E-01	-6.60E-01	-8.80E-01	-1.09972	-1.31966	-1.53961	-1.75955
240.882	-2.21E-01	-4.43E-01	-6.64E-01	-8.86E-01	-1.10744	-1.32893	-1.55042	-1.77191
241.471	-2.23E-01	-4.46E-01	-6.69E-01	-8.92E-01	-1.11517	-1.3382	-1.56123	-1.78427
242.059	-2.25E-01	-4.49E-01	-6.74E-01	-8.98E-01	-1.1229	-1.34748	-1.57206	-1.79664
242.647	-2.26E-01	-4.52E-01	-6.78E-01	-9.05E-01	-1.13063	-1.35676	-1.58288	-1.80901
243.235	-2.28E-01	-4.55E-01	-6.83E-01	-9.11E-01	-1.13837	-1.36604	-1.59372	-1.82139
243.824	-2.29E-01	-4.58E-01	-6.88E-01	-9.17E-01	-1.14611	-1.37533	-1.60455	-1.83377
244.412	-2.31E-01	-4.62E-01	-6.92E-01	-9.23E-01	-1.15385	-1.38462	-1.61539	-1.84616
245	-2.32E-01	-4.65E-01	-6.97E-01	-9.29E-01	-1.1616	-1.39392	-1.62624	-1.85855
245.588	-2.34E-01	-4.68E-01	-7.02E-01	-9.35E-01	-1.16934	-1.40321	-1.63708	-1.87095
246.176	-2.35E-01	-4.71E-01	-7.06E-01	-9.42E-01	-1.17709	-1.41251	-1.64793	-1.88335
246.765	-2.37E-01	-4.74E-01	-7.11E-01	-9.48E-01	-1.18485	-1.42182	-1.65879	-1.89575
247.353	-2.39E-01	-4.77E-01	-7.16E-01	-9.54E-01	-1.1926	-1.43112	-1.66964	-1.90816
247.941	-2.40E-01	-4.80E-01	-7.20E-01	-9.60E-01	-1.20036	-1.44043	-1.6805	-1.92057
248.529	-2.42E-01	-4.83E-01	-7.25E-01	-9.66E-01	-1.20811	-1.44974	-1.69136	-1.93298
249.118	-2.43E-01	-4.86E-01	-7.30E-01	-9.73E-01	-1.21587	-1.45904	-1.70222	-1.94539
249.706	-2.45E-01	-4.89E-01	-7.34E-01	-9.79E-01	-1.22363	-1.46835	-1.71308	-1.95781
250.294	-2.46E-01	-4.93E-01	-7.39E-01	-9.85E-01	-1.23139	-1.47767	-1.72394	-1.97022
250.882	-2.48E-01	-4.96E-01	-7.43E-01	-9.91E-01	-1.23915	-1.48698	-1.73481	-1.98264
251.471	-2.49E-01	-4.99E-01	-7.48E-01	-9.98E-01	-1.24691	-1.49629	-1.74567	-1.99505
252.059	-2.51E-01	-5.02E-01	-7.53E-01	-1.00373	-1.25467	-1.5056	-1.75653	-2.00747
252.647	-2.52E-01	-5.05E-01	-7.57E-01	-1.00994	-1.26243	-1.51491	-1.7674	-2.01988
253.235	-2.54E-01	-5.08E-01	-7.62E-01	-1.01615	-1.27018	-1.52422	-1.77826	-2.0323
253.824	-2.56E-01	-5.11E-01	-7.67E-01	-1.02235	-1.27794	-1.53353	-1.78912	-2.04471
254.412	-2.57E-01	-5.14E-01	-7.71E-01	-1.02856	-1.2857	-1.54284	-1.79998	-2.05712
255	-2.59E-01	-5.17E-01	-7.76E-01	-1.03476	-1.29346	-1.55215	-1.81084	-2.06953
255.588	-2.60E-01	-5.20E-01	-7.81E-01	-1.04097	-1.30121	-1.56145	-1.82169	-2.08194
256.176	-2.62E-01	-5.24E-01	-7.85E-01	-1.04717	-1.30896	-1.57076	-1.83255	-2.09434
256.765	-2.63E-01	-5.27E-01	-7.90E-01	-1.05337	-1.31671	-1.58006	-1.8434	-2.10674
257.353	-2.65E-01	-5.30E-01	-7.95E-01	-1.05957	-1.32446	-1.58936	-1.85425	-2.11914
257.941	-2.66E-01	-5.33E-01	-7.99E-01	-1.06577	-1.33221	-1.59865	-1.86509	-2.13154
258.529	-2.68E-01	-5.36E-01	-8.04E-01	-1.07196	-1.33995	-1.60795	-1.87594	-2.14393
259.118	-2.70E-01	-5.39E-01	-8.09E-01	-1.07816	-1.3477	-1.61723	-1.88677	-2.15631
259.706	-2.71E-01	-5.42E-01	-8.13E-01	-1.08435	-1.35543	-1.62652	-1.89761	-2.16869
260.294	-2.73E-01	-5.45E-01	-8.18E-01	-1.09054	-1.36317	-1.6358	-1.90844	-2.18107
260.882	-2.74E-01	-5.48E-01	-8.23E-01	-1.09672	-1.3709	-1.64508	-1.91926	-2.19344
261.471	-2.76E-01	-5.51E-01	-8.27E-01	-1.1029	-1.37863	-1.65435	-1.93008	-2.20581
262.059	-2.77E-01	-5.55E-01	-8.32E-01	-1.10908	-1.38635	-1.66362	-1.94089	-2.21816
262.647	-2.79E-01	-5.58E-01	-8.36E-01	-1.11526	-1.39407	-1.67289	-1.9517	-2.23052
263.235	-2.80E-01	-5.61E-01	-8.41E-01	-1.12143	-1.40179	-1.68215	-1.9625	-2.24286
263.824	-2.82E-01	-5.64E-01	-8.46E-01	-1.1276	-1.4095	-1.6914	-1.9733	-2.2552
264.412	-2.83E-01	-5.67E-01	-8.50E-01	-1.13376	-1.41721	-1.70065	-1.98409	-2.26753
265	-2.85E-01	-5.70E-01	-8.55E-01	-1.13993	-1.42491	-1.70989	-1.99487	-2.27985
265.588	-2.87E-01	-5.73E-01	-8.60E-01	-1.14608	-1.4326	-1.71912	-2.00564	-2.29216
266.176	-2.88E-01	-5.76E-01	-8.64E-01	-1.15223	-1.44029	-1.72835	-2.01641	-2.30447
266.765	-2.90E-01	-5.79E-01	-8.69E-01	-1.15838	-1.44798	-1.73757	-2.02717	-2.31677
267.353	-2.91E-01	-5.82E-01	-8.73E-01	-1.16453	-1.45566	-1.74679	-2.03792	-2.32905
267.941	-2.93E-01	-5.85E-01	-8.78E-01	-1.17066	-1.46333	-1.756	-2.04866	-2.34133
268.529	-2.94E-01	-5.88E-01	-8.83E-01	-1.1768	-1.471	-1.7652	-2.0594	-2.35359
269.118	-2.96E-01	-5.91E-01	-8.87E-01	-1.18292	-1.47866	-1.77439	-2.07012	-2.36585
269.706	-2.97E-01	-5.95E-01	-8.92E-01	-1.18905	-1.48631	-1.78357	-2.08083	-2.37809
270.294	-2.99E-01	-5.98E-01	-8.96E-01	-1.19516	-1.49396	-1.79275	-2.09154	-2.39033
270.882	-3.00E-01	-6.01E-01	-9.01E-01	-1.20127	-1.50159	-1.80191	-2.10223	-2.40255
271.471	-3.02E-01	-6.04E-01	-9.06E-01	-1.20738	-1.50922	-1.81107	-2.11291	-2.41476
272.059	-3.03E-01	-6.07E-01	-9.10E-01	-1.21348	-1.51685	-1.82022	-2.12359	-2.42696
272.647	-3.05E-01	-6.10E-01	-9.15E-01	-1.21957	-1.52446	-1.82936	-2.13425	-2.43914
273.235	-3.06E-01	-6.13E-01	-9.19E-01	-1.22566	-1.53207	-1.83849	-2.1449	-2.45131
273.824	-3.08E-01	-6.16E-01	-9.24E-01	-1.23174	-1.53967	-1.8476	-2.15554	-2.46347
274.412	-3.09E-01	-6.19E-01	-9.28E-01	-1.23781	-1.54726	-1.85671	-2.16616	-2.47562
275	-3.11E-01	-6.22E-01	-9.33E-01	-1.24387	-1.55484	-1.86581	-2.17678	-2.48775
275.588	-3.12E-01	-6.25E-01	-9.37E-01	-1.24993	-1.56241	-1.8749	-2.18738	-2.49986
276.176	-3.14E-01	-6.28E-01	-9.42E-01	-1.25598	-1.56998	-1.88397	-2.19797	-2.51196
276.765	-3.16E-01	-6.31E-01	-9.47E-01	-1.26202	-1.57753	-1.89304	-2.20854	-2.52405
277.353	-3.17E-01	-6.34E-01	-9.51E-01	-1.26806	-1.58507	-1.90209	-2.2191	-2.53612
277.941	-3.19E-01	-6.37E-01	-9.56E-01	-1.27409	-1.59261	-1.91113	-2.22965	-2.54817
278.529	-3.20E-01	-6.40E-01	-9.60E-01	-1.28011	-1.60013	-1.92016	-2.24018	-2.56021
279.118	-3.22E-01	-6.43E-01	-9.65E-01	-1.28612	-1.60764	-1.92917	-2.2507	-2.57223
279.706	-3.23E-01	-6.46E-01	-9.69E-01	-1.29212	-1.61515	-1.93818	-2.26121	-2.58424
280.294	-3.25E-01	-6.49E-01	-9.74E-01	-1.29811	-1.62264	-1.94717	-2.27169	-2.59622
280.882	-3.26E-01	-6.52E-01	-9.78E-01	-1.3041	-1.63012	-1.95614	-2.28217	-2.60819
281.471	-3.28E-01	-6.55E-01	-9.83E-01	-1.31007	-1.63759	-1.96511	-2.29262	-2.62014
282.059	-3.29E-01	-6.58E-01	-9.87E-01	-1.31604	-1.64505	-1.97406	-2.30307	-2.63207
282.647	-3.30E-01	-6.61E-01	-9.91E-01	-1.32199	-1.65249	-1.98299	-2.31349	-2.64399
283.235	-3.32E-01	-6.64E-01	-9.96E-01	-1.32794	-1.65993	-1.99191	-2.3239	-2.65588
283.824	-3.33E-01	-6.67E-01	-1.00041	-1.33388	-1.66735	-2.00082	-2.33429	-2.66776
284.412	-3.35E-01	-6.70E-01	-1.00485	-1.33981	-1.67476	-2.00971	-2.34466	-2.67961
285	-3.36E-01	-6.73E-01	-1.00929	-1.34572	-1.68215	-2.01858	-2.35501	-2.69145
285.588	-3.38E-01	-6.76E-01	-1.01372	-1.35163	-1.68954	-2.02744	-2.36535	-2.70326
286.176	-3.39E-01	-6.79E-01	-1.01814	-1.35753	-1.69691	-2.03629	-2.37567	-2.71505
286.765	-3.41E-01	-6.82E-01	-1.02256	-1.36341	-1.70426	-2.04512	-2.38597	-2.72682
287.353	-3.42E-01	-6.85E-01	-1.02696	-1.36929	-1.71161	-2.05393	-2.39625	-2.73857
287.941	-3.44E-01	-6.88E-01	-1.03136	-1.37515	-1.71894	-2.06272	-2.40651	-2.7503
288.529	-3.45E-01	-6.91E-01	-1.03575	-1.381	-1.72625	-2.0715	-2.41675	-2.762
289.118	-3.47E-01	-6.93E-01	-1.04013	-1.38684	-1.73355	-2.08027	-2.42698	-2.77369
289.706	-3.48E-01	-6.96E-01	-1.0445	-1.39267	-1.74084	-2.08901	-2.43718	-2.78535
290.294	-3.50E-01	-6.99E-01	-1.04887	-1.39849	-1.74811	-2.09774	-2.44736	-2.79698
290.882	-3.51E-01	-7.02E-01	-1.05322	-1.4043	-1.75537	-2.10644	-2.45752	-2.80859
291.471	-3.53E-01	-7.05E-01	-1.05757	-1.41009	-1.76261	-2.11513	-2.46766	-2.82018
292.059	-3.54E-01	-7.08E-01	-1.0619	-1.41587	-1.76984	-2.12381	-2.47778	-2.83174
292.647	-3.55E-01	-7.11E-01	-1.06623	-1.42164	-1.77705	-2.13246	-2.48787	-2.84328
293.235	-3.57E-01	-7.14E-01	-1.07055	-1.4274	-1.78425	-2.14109	-2.49794	-2.85479
293.824	-3.58E-01	-7.17E-01	-1.07485	-1.43314	-1.79142	-2.14971	-2.50799	-2.86628
294.412	-3.60E-01	-7.19E-01	-1.07915	-1.43887	-1.79859	-2.15831	-2.51802	-2.87774
295	-3.61E-01	-7.22E-01	-1.08344	-1.44459	-1.80573	-2.16688	-2.52803	-2.88917
295.588	-3.63E-01	-7.25E-01	-1.08772	-1.45029	-1.81286	-2.17544	-2.53801	-2.90058
296.176	-3.64E-01	-7.28E-01	-1.09199	-1.45598	-1.81998	-2.18397	-2.54797	-2.91196
296.765	-3.65E-01	-7.31E-01	-1.09624	-1.46166	-1.82707	-2.19249	-2.5579	-2.92331
297.353	-3.67E-01	-7.34E-01	-1.10049	-1.46732	-1.83415	-2.20098	-2.56781	-2.93464
297.941	-3.68E-01	-7.36E-01	-1.10473	-1.47297	-1.84121	-2.20945	-2.57769	-2.94594
298.529	-3.70E-01	-7.39E-01	-1.10895	-1.4786	-1.84825	-2.2179	-2.58755	-2.9572
299.118	-3.71E-01	-7.42E-01	-1.11317	-1.48422	-1.85528	-2.22633	-2.59739	-2.96844
299.706	-3.72E-01	-7.45E-01	-1.11737	-1.48983	-1.86228	-2.23474	-2.6072	-2.97965
300.294	-3.74E-01	-7.48E-01	-1.12156	-1.49542	-1.86927	-2.24312	-2.61698	-2.99083
300.882	-3.75E-01	-7.50E-01	-1.12574	-1.50099	-1.87624	-2.25149	-2.62674	-3.00198
301.471	-3.77E-01	-7.53E-01	-1.12991	-1.50655	-1.88319	-2.25983	-2.63646	-3.0131
302.059	-3.78E-01	-7.56E-01	-1.13407	-1.5121	-1.89012	-2.26814	-2.64617	-3.02419
302.647	-3.79E-01	-7.59E-01	-1.13822	-1.51762	-1.89703	-2.27644	-2.65584	-3.03525
303.235	-3.81E-01	-7.62E-01	-1.14235	-1.52314	-1.90392	-2.28471	-2.66549	-3.04628
303.824	-3.82E-01	-7.64E-01	-1.14648	-1.52864	-1.91079	-2.29295	-2.67511	-3.05727
304.412	-3.84E-01	-7.67E-01	-1.15059	-1.53412	-1.91765	-2.30117	-2.6847	-3.06823
305	-3.85E-01	-7.70E-01	-1.15469	-1.53958	-1.92448	-2.30937	-2.69427	-3.07916
305.588	-3.86E-01	-7.73E-01	-1.15877	-1.54503	-1.93129	-2.31754	-2.7038	-3.09006
306.176	-3.88E-01	-7.75E-01	-1.16285	-1.55046	-1.93808	-2.32569	-2.71331	-3.10092
306.765	-3.89E-01	-7.78E-01	-1.16691	-1.55588	-1.94485	-2.33381	-2.72278	-3.11175
307.353	-3.90E-01	-7.81E-01	-1.17096	-1.56127	-1.95159	-2.34191	-2.73223	-3.12255
307.941	-3.92E-01	-7.83E-01	-1.17499	-1.56666	-1.95832	-2.34998	-2.74165	-3.13331
308.529	-3.93E-01	-7.86E-01	-1.17901	-1.57202	-1.96502	-2.35803	-2.75103	-3.14404
309.118	-3.94E-01	-7.89E-01	-1.18302	-1.57736	-1.97171	-2.36605	-2.76039	-3.15473
309.706	-3.96E-01	-7.91E-01	-1.18702	-1.58269	-1.97837	-2.37404	-2.76971	-3.16539
310.294	-3.97E-01	-7.94E-01	-1.191	-1.588	-1.985	-2.382	-2.77901	-3.17601
310.882	-3.98E-01	-7.97E-01	-1.19497	-1.5933	-1.99162	-2.38994	-2.78827	-3.18659
311.471	-4.00E-01	-7.99E-01	-1.19893	-1.59857	-1.99821	-2.39785	-2.7975	-3.19714
312.059	-4.01E-01	-8.02E-01	-1.20287	-1.60382	-2.00478	-2.40574	-2.80669	-3.20765
312.647	-4.02E-01	-8.05E-01	-1.2068	-1.60906	-2.01133	-2.41359	-2.81586	-3.21812
313.235	-4.04E-01	-8.07E-01	-1.21071	-1.61428	-2.01785	-2.42142	-2.82499	-3.22856
313.824	-4.05E-01	-8.10E-01	-1.21461	-1.61948	-2.02435	-2.42922	-2.83409	-3.23896
314.412	-4.06E-01	-8.12E-01	-1.21849	-1.62466	-2.03082	-2.43699	-2.84315	-3.24932
315	-4.07E-01	-8.15E-01	-1.22236	-1.62982	-2.03727	-2.44473	-2.85218	-3.25964
315.588	-4.09E-01	-8.17E-01	-1.22622	-1.63496	-2.0437	-2.45244	-2.86118	-3.26992
316.176	-4.10E-01	-8.20E-01	-1.23006	-1.64008	-2.0501	-2.46012	-2.87014	-3.28016
316.765	-4.11E-01	-8.23E-01	-1.23389	-1.64518	-2.05648	-2.46777	-2.87907	-3.29037
317.353	-4.13E-01	-8.25E-01	-1.2377	-1.65026	-2.06283	-2.4754	-2.88796	-3.30053
317.941	-4.14E-01	-8.28E-01	-1.24149	-1.65533	-2.06916	-2.48299	-2.89682	-3.31065
318.529	-4.15E-01	-8.30E-01	-1.24527	-1.66037	-2.07546	-2.49055	-2.90564	-3.32073
319.118	-4.16E-01	-8.33E-01	-1.24904	-1.66539	-2.08173	-2.49808	-2.91443	-3.33077
319.706	-4.18E-01	-8.35E-01	-1.25279	-1.67039	-2.08798	-2.50558	-2.92317	-3.34077
320.294	-4.19E-01	-8.38E-01	-1.25652	-1.67536	-2.09421	-2.51305	-2.93189	-3.35073
320.882	-4.20E-01	-8.40E-01	-1.26024	-1.68032	-2.1004	-2.52048	-2.94056	-3.36064
321.471	-4.21E-01	-8.43E-01	-1.26394	-1.68526	-2.10657	-2.52789	-2.9492	-3.37051
322.059	-4.23E-01	-8.45E-01	-1.26763	-1.69017	-2.11271	-2.53526	-2.9578	-3.38034
322.647	-4.24E-01	-8.48E-01	-1.2713	-1.69506	-2.11883	-2.5426	-2.96636	-3.39013
323.235	-4.25E-01	-8.50E-01	-1.27495	-1.69994	-2.12492	-2.5499	-2.97489	-3.39987
323.824	-4.26E-01	-8.52E-01	-1.27859	-1.70478	-2.13098	-2.55718	-2.98337	-3.40957
324.412	-4.27E-01	-8.55E-01	-1.28221	-1.70961	-2.13701	-2.56442	-2.99182	-3.41922
325	-4.29E-01	-8.57E-01	-1.28581	-1.71441	-2.14302	-2.57162	-3.00023	-3.42883
325.588	-4.30E-01	-8.60E-01	-1.2894	-1.7192	-2.149	-2.57879	-3.00859	-3.43839
326.176	-4.31E-01	-8.62E-01	-1.29297	-1.72396	-2.15494	-2.58593	-3.01692	-3.44791
326.765	-4.32E-01	-8.64E-01	-1.29652	-1.72869	-2.16086	-2.59304	-3.02521	-3.45738
327.353	-4.33E-01	-8.67E-01	-1.30005	-1.7334	-2.16675	-2.60011	-3.03346	-3.46681
327.941	-4.35E-01	-8.69E-01	-1.30357	-1.73809	-2.17262	-2.60714	-3.04166	-3.47619
328.529	-4.36E-01	-8.71E-01	-1.30707	-1.74276	-2.17845	-2.61414	-3.04983	-3.48552
329.118	-4.37E-01	-8.74E-01	-1.31055	-1.7474	-2.18425	-2.6211	-3.05795	-3.4948
329.706	-4.38E-01	-8.76E-01	-1.31401	-1.75202	-2.19002	-2.62803	-3.06603	-3.50404
330.294	-4.39E-01	-8.78E-01	-1.31746	-1.75661	-2.19577	-2.63492	-3.07407	-3.51323
330.882	-4.40E-01	-8.81E-01	-1.32089	-1.76118	-2.20148	-2.64178	-3.08207	-3.52237
331.471	-4.41E-01	-8.83E-01	-1.3243	-1.76573	-2.20716	-2.64859	-3.09003	-3.53146
332.059	-4.43E-01	-8.85E-01	-1.32769	-1.77025	-2.21281	-2.65538	-3.09794	-3.5405
332.647	-4.44E-01	-8.87E-01	-1.33106	-1.77475	-2.21843	-2.66212	-3.10581	-3.5495
333.235	-4.45E-01	-8.90E-01	-1.33441	-1.77922	-2.22402	-2.66883	-3.11363	-3.55844
333.824	-4.46E-01	-8.92E-01	-1.33775	-1.78367	-2.22958	-2.6755	-3.12141	-3.56733
334.412	-4.47E-01	-8.94E-01	-1.34106	-1.78809	-2.23511	-2.68213	-3.12915	-3.57617
335	-4.48E-01	-8.96E-01	-1.34436	-1.79248	-2.2406	-2.68872	-3.13684	-3.58496
335.588	-4.49E-01	-8.98E-01	-1.34764	-1.79685	-2.24607	-2.69528	-3.14449	-3.5937
336.176	-4.50E-01	-9.01E-01	-1.3509	-1.8012	-2.2515	-2.70179	-3.15209	-3.60239
336.765	-4.51E-01	-9.03E-01	-1.35414	-1.80551	-2.25689	-2.70827	-3.15965	-3.61103
337.353	-4.52E-01	-9.05E-01	-1.35735	-1.80981	-2.26226	-2.71471	-3.16716	-3.61961
337.941	-4.54E-01	-9.07E-01	-1.36055	-1.81407	-2.26759	-2.72111	-3.17463	-3.62814
338.529	-4.55E-01	-9.09E-01	-1.36373	-1.81831	-2.27289	-2.72747	-3.18204	-3.63662
339.118	-4.56E-01	-9.11E-01	-1.36689	-1.82252	-2.27815	-2.73378	-3.18942	-3.64505
339.706	-4.57E-01	-9.13E-01	-1.37003	-1.82671	-2.28339	-2.74006	-3.19674	-3.65342
340.294	-4.58E-01	-9.15E-01	-1.37315	-1.83087	-2.28858	-2.7463	-3.20402	-3.66173
340.882	-4.59E-01	-9.17E-01	-1.37625	-1.835	-2.29375	-2.7525	-3.21125	-3.67
341.471	-4.60E-01	-9.20E-01	-1.37933	-1.8391	-2.29888	-2.75865	-3.21843	-3.6782
342.059	-4.61E-01	-9.22E-01	-1.38238	-1.84318	-2.30397	-2.76477	-3.22556	-3.68635
342.647	-4.62E-01	-9.24E-01	-1.38542	-1.84723	-2.30903	-2.77084	-3.23264	-3.69445
343.235	-4.63E-01	-9.26E-01	-1.38843	-1.85125	-2.31406	-2.77687	-3.23968	-3.70249
343.824	-4.64E-01	-9.28E-01	-1.39143	-1.85524	-2.31905	-2.78286	-3.24667	-3.71047
344.412	-4.65E-01	-9.30E-01	-1.3944	-1.8592	-2.324	-2.7888	-3.2536	-3.7184
345	-4.66E-01	-9.32E-01	-1.39735	-1.86314	-2.32892	-2.7947	-3.26049	-3.72627
345.588	-4.67E-01	-9.34E-01	-1.40028	-1.86704	-2.3338	-2.80056	-3.26732	-3.73408
346.176	-4.68E-01	-9.35E-01	-1.40319	-1.87092	-2.33865	-2.80638	-3.27411	-3.74184
346.765	-4.69E-01	-9.37E-01	-1.40608	-1.87477	-2.34346	-2.81215	-3.28084	-3.74954
347.353	-4.70E-01	-9.39E-01	-1.40894	-1.87859	-2.34823	-2.81788	-3.28753	-3.75717
347.941	-4.71E-01	-9.41E-01	-1.41178	-1.88238	-2.35297	-2.82356	-3.29416	-3.76475
348.529	-4.72E-01	-9.43E-01	-1.4146	-1.88614	-2.35767	-2.8292	-3.30074	-3.77227
349.118	-4.72E-01	-9.45E-01	-1.4174	-1.88987	-2.36233	-2.8348	-3.30727	-3.77973
349.706	-4.73E-01	-9.47E-01	-1.42017	-1.89357	-2.36696	-2.84035	-3.31374	-3.78713
350.294	-4.74E-01	-9.49E-01	-1.42293	-1.89724	-2.37155	-2.84585	-3.32016	-3.79447
350.882	-4.75E-01	-9.50E-01	-1.42566	-1.90088	-2.3761	-2.85131	-3.32653	-3.80175
351.471	-4.76E-01	-9.52E-01	-1.42836	-1.90449	-2.38061	-2.85673	-3.33285	-3.80897
352.059	-4.77E-01	-9.54E-01	-1.43105	-1.90806	-2.38508	-2.8621	-3.33911	-3.81613
352.647	-4.78E-01	-9.56E-01	-1.43371	-1.91161	-2.38951	-2.86742	-3.34532	-3.82322
353.235	-4.79E-01	-9.58E-01	-1.43635	-1.91513	-2.39391	-2.87269	-3.35147	-3.83026
353.824	-4.80E-01	-9.59E-01	-1.43896	-1.91861	-2.39827	-2.87792	-3.35757	-3.83723
354.412	-4.81E-01	-9.61E-01	-1.44155	-1.92207	-2.40258	-2.8831	-3.36362	-3.84413
355	-4.81E-01	-9.63E-01	-1.44412	-1.92549	-2.40686	-2.88823	-3.36961	-3.85098
355.588	-4.82E-01	-9.64E-01	-1.44666	-1.92888	-2.4111	-2.89332	-3.37554	-3.85776
356.176	-4.83E-01	-9.66E-01	-1.44918	-1.93224	-2.4153	-2.89836	-3.38142	-3.86448
356.765	-4.84E-01	-9.68E-01	-1.45167	-1.93556	-2.41946	-2.90335	-3.38724	-3.87113
357.353	-4.85E-01	-9.69E-01	-1.45414	-1.93886	-2.42357	-2.90829	-3.393	-3.87772
357.941	-4.86E-01	-9.71E-01	-1.45659	-1.94212	-2.42765	-2.91318	-3.39871	-3.88424
358.529	-4.86E-01	-9.73E-01	-1.45901	-1.94535	-2.43169	-2.91802	-3.40436	-3.8907
359.118	-4.87E-01	-9.74E-01	-1.46141	-1.94855	-2.43568	-2.92282	-3.40995	-3.89709
359.706	-4.88E-01	-9.76E-01	-1.46378	-1.95171	-2.43964	-2.92756	-3.41549	-3.90342
360.294	-4.89E-01	-9.77E-01	-1.46613	-1.95484	-2.44355	-2.93226	-3.42097	-3.90968
360.882	-4.89E-01	-9.79E-01	-1.46845	-1.95793	-2.44742	-2.9369	-3.42638	-3.91587
361.471	-4.90E-01	-9.80E-01	-1.47075	-1.961	-2.45125	-2.94149	-3.43174	-3.92199
362.059	-4.91E-01	-9.82E-01	-1.47302	-1.96403	-2.45503	-2.94604	-3.43704	-3.92805
362.647	-4.92E-01	-9.84E-01	-1.47527	-1.96702	-2.45878	-2.95053	-3.44229	-3.93404
363.235	-4.92E-01	-9.85E-01	-1.47749	-1.96998	-2.46248	-2.95497	-3.44747	-3.93996
363.824	-4.93E-01	-9.86E-01	-1.47968	-1.97291	-2.46614	-2.95936	-3.45259	-3.94582
364.412	-4.94E-01	-9.88E-01	-1.48185	-1.9758	-2.46975	-2.9637	-3.45765	-3.9516
365	-4.95E-01	-9.89E-01	-1.48399	-1.97866	-2.47332	-2.96799	-3.46265	-3.95731
365.588	-4.95E-01	-9.91E-01	-1.48611	-1.98148	-2.47685	-2.97222	-3.46759	-3.96296
366.176	-4.96E-01	-9.92E-01	-1.4882	-1.98427	-2.48033	-2.9764	-3.47247	-3.96854
366.765	-4.97E-01	-9.94E-01	-1.49026	-1.98702	-2.48377	-2.98053	-3.47728	-3.97404
367.353	-4.97E-01	-9.95E-01	-1.4923	-1.98974	-2.48717	-2.98461	-3.48204	-3.97947
367.941	-4.98E-01	-9.96E-01	-1.49431	-1.99242	-2.49052	-2.98863	-3.48673	-3.98484
368.529	-4.99E-01	-9.98E-01	-1.4963	-1.99506	-2.49383	-2.9926	-3.49136	-3.99013
369.118	-4.99E-01	-9.99E-01	-1.49825	-1.99767	-2.49709	-2.99651	-3.49593	-3.99535
369.706	-5.00E-01	-1.00012	-1.50019	-2.00025	-2.50031	-3.00037	-3.50043	-4.00049
370.294	-5.01E-01	-1.00139	-1.50209	-2.00278	-2.50348	-3.00418	-3.50487	-4.00557
370.882	-5.01E-01	-1.00264	-1.50396	-2.00528	-2.50661	-3.00793	-3.50925	-4.01057
371.471	-5.02E-01	-1.00387	-1.50581	-2.00775	-2.50969	-3.01162	-3.51356	-4.0155
372.059	-5.03E-01	-1.00509	-1.50763	-2.01018	-2.51272	-3.01526	-3.51781	-4.02035
372.647	-5.03E-01	-1.00628	-1.50942	-2.01257	-2.51571	-3.01885	-3.52199	-4.02513
373.235	-5.04E-01	-1.00746	-1.51119	-2.01492	-2.51865	-3.02238	-3.52611	-4.02984
373.824	-5.04E-01	-1.00862	-1.51293	-2.01724	-2.52154	-3.02585	-3.53016	-4.03447
374.412	-5.05E-01	-1.00976	-1.51464	-2.01951	-2.52439	-3.02927	-3.53415	-4.03903
375	-5.05E-01	-1.01088	-1.51632	-2.02175	-2.52719	-3.03263	-3.53807	-4.04351
375.588	-5.06E-01	-1.01198	-1.51797	-2.02396	-2.52995	-3.03593	-3.54192	-4.04791
376.176	-5.07E-01	-1.01306	-1.51959	-2.02612	-2.53265	-3.03918	-3.54571	-4.05224
376.765	-5.07E-01	-1.01412	-1.52119	-2.02825	-2.53531	-3.04237	-3.54943	-4.05649
377.353	-5.08E-01	-1.01517	-1.52275	-2.03033	-2.53792	-3.0455	-3.55309	-4.06067
377.941	-5.08E-01	-1.01619	-1.52429	-2.03238	-2.54048	-3.04858	-3.55667	-4.06477
378.529	-5.09E-01	-1.0172	-1.5258	-2.03439	-2.54299	-3.05159	-3.56019	-4.06879
379.118	-5.09E-01	-1.01818	-1.52727	-2.03637	-2.54546	-3.05455	-3.56364	-4.07273
379.706	-5.10E-01	-1.01915	-1.52872	-2.0383	-2.54787	-3.05745	-3.56702	-4.07659
380.294	-5.10E-01	-1.02009	-1.53014	-2.04019	-2.55024	-3.06028	-3.57033	-4.08038
380.882	-5.11E-01	-1.02102	-1.53153	-2.04204	-2.55255	-3.06306	-3.57358	-4.08409
381.471	-5.11E-01	-1.02193	-1.53289	-2.04386	-2.55482	-3.06578	-3.57675	-4.08771
382.059	-5.11E-01	-1.02281	-1.53422	-2.04563	-2.55704	-3.06844	-3.57985	-4.09126
382.647	-5.12E-01	-1.02368	-1.53552	-2.04736	-2.5592	-3.07104	-3.58289	-4.09473
383.235	-5.12E-01	-1.02453	-1.53679	-2.04906	-2.56132	-3.07358	-3.58585	-4.09811
383.824	-5.13E-01	-1.02535	-1.53803	-2.05071	-2.56339	-3.07606	-3.58874	-4.10142
384.412	-5.13E-01	-1.02616	-1.53924	-2.05232	-2.5654	-3.07848	-3.59156	-4.10464
385	-5.13E-01	-1.02695	-1.54042	-2.05389	-2.56737	-3.08084	-3.59431	-4.10779
385.588	-5.14E-01	-1.02771	-1.54157	-2.05542	-2.56928	-3.08313	-3.59699	-4.11085
386.176	-5.14E-01	-1.02846	-1.54268	-2.05691	-2.57114	-3.08537	-3.5996	-4.11382
386.765	-5.15E-01	-1.02918	-1.54377	-2.05836	-2.57295	-3.08754	-3.60213	-4.11672
387.353	-5.15E-01	-1.02988	-1.54482	-2.05977	-2.57471	-3.08965	-3.60459	-4.11953
387.941	-5.15E-01	-1.03057	-1.54585	-2.06113	-2.57641	-3.0917	-3.60698	-4.12226
388.529	-5.16E-01	-1.03123	-1.54684	-2.06245	-2.57807	-3.09368	-3.60929	-4.12491
389.118	-5.16E-01	-1.03187	-1.5478	-2.06373	-2.57967	-3.0956	-3.61154	-4.12747
389.706	-5.16E-01	-1.03249	-1.54873	-2.06497	-2.58122	-3.09746	-3.6137	-4.12995
390.294	-5.17E-01	-1.03308	-1.54963	-2.06617	-2.58271	-3.09925	-3.6158	-4.13234
390.882	-5.17E-01	-1.03366	-1.55049	-2.06732	-2.58415	-3.10098	-3.61781	-4.13464
391.471	-5.17E-01	-1.03422	-1.55132	-2.06843	-2.58554	-3.10265	-3.61976	-4.13687
392.059	-5.17E-01	-1.03475	-1.55213	-2.0695	-2.58688	-3.10425	-3.62163	-4.139
392.647	-5.18E-01	-1.03526	-1.55289	-2.07053	-2.58816	-3.10579	-3.62342	-4.14105
393.235	-5.18E-01	-1.03575	-1.55363	-2.07151	-2.58938	-3.10726	-3.62514	-4.14301
393.824	-5.18E-01	-1.03622	-1.55433	-2.07244	-2.59056	-3.10867	-3.62678	-4.14489
394.412	-5.18E-01	-1.03667	-1.555	-2.07334	-2.59167	-3.11001	-3.62834	-4.14668
395	-5.19E-01	-1.03709	-1.55564	-2.07419	-2.59274	-3.11128	-3.62983	-4.14838
395.588	-5.19E-01	-1.0375	-1.55625	-2.07499	-2.59374	-3.11249	-3.63124	-4.14999
396.176	-5.19E-01	-1.03788	-1.55682	-2.07576	-2.5947	-3.11363	-3.63257	-4.15151
396.765	-5.19E-01	-1.03824	-1.55736	-2.07647	-2.59559	-3.11471	-3.63383	-4.15295
397.353	-5.19E-01	-1.03857	-1.55786	-2.07715	-2.59643	-3.11572	-3.63501	-4.15429
397.941	-5.19E-01	-1.03889	-1.55833	-2.07777	-2.59722	-3.11666	-3.63611	-4.15555
398.529	-5.20E-01	-1.03918	-1.55877	-2.07836	-2.59795	-3.11754	-3.63713	-4.15672
399.118	-5.20E-01	-1.03945	-1.55917	-2.0789	-2.59862	-3.11834	-3.63807	-4.15779
399.706	-5.20E-01	-1.03969	-1.55954	-2.07939	-2.59924	-3.11908	-3.63893	-4.15878
400.294	-5.20E-01	-1.03992	-1.55988	-2.07984	-2.5998	-3.11975	-3.63971	-4.15967
400.882	-5.20E-01	-1.04012	-1.56018	-2.08024	-2.6003	-3.12036	-3.64042	-4.16048
401.471	-5.20E-01	-1.0403	-1.56044	-2.08059	-2.60074	-3.12089	-3.64104	-4.16119
402.059	-5.20E-01	-1.04045	-1.56068	-2.0809	-2.60113	-3.12135	-3.64158	-4.16181
402.647	-5.20E-01	-1.04058	-1.56087	-2.08117	-2.60146	-3.12175	-3.64204	-4.16233
403.235	-5.20E-01	-1.04069	-1.56104	-2.08138	-2.60173	-3.12208	-3.64242	-4.16277
403.824	-5.20E-01	-1.04078	-1.56117	-2.08155	-2.60194	-3.12233	-3.64272	-4.16311
404.412	-5.20E-01	-1.04084	-1.56126	-2.08168	-2.6021	-3.12252	-3.64294	-4.16336
405	-5.20E-01	-1.04088	-1.56132	-2.08175	-2.60219	-3.12263	-3.64307	-4.16351
405.588	-5.20E-01	-1.04089	-1.56134	-2.08178	-2.60223	-3.12268	-3.64312	-4.16357
406.176	-5.20E-01	-1.04088	-1.56133	-2.08177	-2.60221	-3.12265	-3.64309	-4.16353
406.765	-5.20E-01	-1.04085	-1.56128	-2.0817	-2.60213	-3.12255	-3.64298	-4.1634
407.353	-5.20E-01	-1.04079	-1.56119	-2.08159	-2.60199	-3.12238	-3.64278	-4.16318
407.941	-5.20E-01	-1.04071	-1.56107	-2.08143	-2.60179	-3.12214	-3.6425	-4.16286
408.529	-5.20E-01	-1.04061	-1.56092	-2.08122	-2.60153	-3.12183	-3.64214	-4.16244
409.118	-5.20E-01	-1.04048	-1.56072	-2.08096	-2.6012	-3.12145	-3.64169	-4.16193
409.706	-5.20E-01	-1.04033	-1.56049	-2.08066	-2.60082	-3.12099	-3.64115	-4.16132
410.294	-5.20E-01	-1.04015	-1.56023	-2.0803	-2.60038	-3.12046	-3.64053	-4.16061
410.882	-5.20E-01	-1.03995	-1.55993	-2.0799	-2.59988	-3.11985	-3.63983	-4.15981
411.471	-5.20E-01	-1.03973	-1.55959	-2.07945	-2.59931	-3.11918	-3.63904	-4.1589
412.059	-5.20E-01	-1.03948	-1.55921	-2.07895	-2.59869	-3.11843	-3.63816	-4.1579
412.647	-5.20E-01	-1.0392	-1.5588	-2.0784	-2.598	-3.1176	-3.6372	-4.1568
413.235	-5.19E-01	-1.0389	-1.55835	-2.0778	-2.59725	-3.1167	-3.63615	-4.1556
413.824	-5.19E-01	-1.03858	-1.55787	-2.07715	-2.59644	-3.11573	-3.63502	-4.15431
414.412	-5.19E-01	-1.03823	-1.55734	-2.07646	-2.59557	-3.11468	-3.6338	-4.15291
415	-5.19E-01	-1.03785	-1.55678	-2.07571	-2.59463	-3.11356	-3.63249	-4.15141
415.588	-5.19E-01	-1.03745	-1.55618	-2.07491	-2.59363	-3.11236	-3.63109	-4.14982
416.176	-5.19E-01	-1.03703	-1.55554	-2.07406	-2.59257	-3.11109	-3.6296	-4.14812
416.765	-5.18E-01	-1.03658	-1.55487	-2.07316	-2.59145	-3.10974	-3.62803	-4.14632
417.353	-5.18E-01	-1.0361	-1.55416	-2.07221	-2.59026	-3.10831	-3.62637	-4.14442
417.941	-5.18E-01	-1.0356	-1.55341	-2.07121	-2.58901	-3.10681	-3.62461	-4.14242
418.529	-5.18E-01	-1.03508	-1.55262	-2.07016	-2.58769	-3.10523	-3.62277	-4.14031
419.118	-5.17E-01	-1.03453	-1.55179	-2.06905	-2.58632	-3.10358	-3.62084	-4.1381
419.706	-5.17E-01	-1.03395	-1.55092	-2.0679	-2.58487	-3.10185	-3.61882	-4.13579
420.294	-5.17E-01	-1.03335	-1.55002	-2.06669	-2.58336	-3.10004	-3.61671	-4.13338
420.882	-5.16E-01	-1.03272	-1.54907	-2.06543	-2.58179	-3.09815	-3.61451	-4.13087
421.471	-5.16E-01	-1.03206	-1.54809	-2.06412	-2.58015	-3.09618	-3.61221	-4.12824
422.059	-5.16E-01	-1.03138	-1.54707	-2.06276	-2.57845	-3.09414	-3.60983	-4.12552
422.647	-5.15E-01	-1.03067	-1.54601	-2.06135	-2.57668	-3.09202	-3.60735	-4.12269
423.235	-5.15E-01	-1.02994	-1.54491	-2.05988	-2.57485	-3.08982	-3.60479	-4.11976
423.824	-5.15E-01	-1.02918	-1.54377	-2.05836	-2.57295	-3.08754	-3.60213	-4.11672
424.412	-5.14E-01	-1.02839	-1.54259	-2.05679	-2.57098	-3.08518	-3.59937	-4.11357
425	-5.14E-01	-1.02758	-1.54137	-2.05516	-2.56895	-3.08274	-3.59653	-4.11032
425.588	-5.13E-01	-1.02674	-1.54011	-2.05348	-2.56685	-3.08022	-3.59359	-4.10696
426.176	-5.13E-01	-1.02587	-1.53881	-2.05175	-2.56469	-3.07762	-3.59056	-4.1035
426.765	-5.12E-01	-1.02498	-1.53747	-2.04996	-2.56245	-3.07494	-3.58743	-4.09992
427.353	-5.12E-01	-1.02406	-1.53609	-2.04812	-2.56015	-3.07218	-3.58421	-4.09624
427.941	-5.12E-01	-1.02311	-1.53467	-2.04623	-2.55779	-3.06934	-3.5809	-4.09246
428.529	-5.11E-01	-1.02214	-1.53321	-2.04428	-2.55535	-3.06642	-3.57749	-4.08856
429.118	-5.11E-01	-1.02114	-1.53171	-2.04228	-2.55285	-3.06342	-3.57399	-4.08456
429.706	-5.10E-01	-1.02011	-1.53017	-2.04022	-2.55028	-3.06033	-3.57039	-4.08045
430.294	-5.10E-01	-1.01906	-1.52858	-2.03811	-2.54764	-3.05717	-3.5667	-4.07622
430.882	-5.09E-01	-1.01797	-1.52696	-2.03595	-2.54493	-3.05392	-3.5629	-4.07189
431.471	-5.08E-01	-1.01686	-1.52529	-2.03372	-2.54216	-3.05059	-3.55902	-4.06745
432.059	-5.08E-01	-1.01572	-1.52359	-2.03145	-2.53931	-3.04717	-3.55504	-4.0629
432.647	-5.07E-01	-1.01456	-1.52184	-2.02912	-2.5364	-3.04368	-3.55096	-4.05823
433.235	-5.07E-01	-1.01337	-1.52005	-2.02673	-2.53341	-3.0401	-3.54678	-4.05346
433.824	-5.06E-01	-1.01214	-1.51822	-2.02429	-2.53036	-3.03643	-3.5425	-4.04858
434.412	-5.05E-01	-1.01089	-1.51634	-2.02179	-2.52724	-3.03268	-3.53813	-4.04358
435	-5.05E-01	-1.00962	-1.51443	-2.01924	-2.52404	-3.02885	-3.53366	-4.03847
435.588	-5.04E-01	-1.00831	-1.51247	-2.01662	-2.52078	-3.02494	-3.52909	-4.03325
436.176	-5.03E-01	-1.00698	-1.51047	-2.01396	-2.51745	-3.02094	-3.52443	-4.02792
436.765	-5.03E-01	-1.00562	-1.50843	-2.01123	-2.51404	-3.01685	-3.51966	-4.02247
437.353	-5.02E-01	-1.00423	-1.50634	-2.00845	-2.51057	-3.01268	-3.51479	-4.01691
437.941	-5.01E-01	-1.00281	-1.50421	-2.00562	-2.50702	-3.00843	-3.50983	-4.01123
438.529	-5.01E-01	-1.00136	-1.50204	-2.00272	-2.5034	-3.00409	-3.50477	-4.00545
439.118	-5.00E-01	-1.00E+00	-1.49983	-1.99977	-2.49972	-2.99966	-3.4996	-3.99954
439.706	-4.99E-01	-9.98E-01	-1.49757	-1.99676	-2.49595	-2.99515	-3.49434	-3.99353
440.294	-4.98E-01	-9.97E-01	-1.49527	-1.9937	-2.49212	-2.99055	-3.48897	-3.9874
440.882	-4.98E-01	-9.95E-01	-1.49293	-1.99057	-2.48822	-2.98586	-3.4835	-3.98115
441.471	-4.97E-01	-9.94E-01	-1.49054	-1.98739	-2.48424	-2.98109	-3.47794	-3.97479
442.059	-4.96E-01	-9.92E-01	-1.48812	-1.98415	-2.48019	-2.97623	-3.47227	-3.96831
442.647	-4.95E-01	-9.90E-01	-1.48564	-1.98086	-2.47607	-2.97128	-3.4665	-3.96171
443.235	-4.94E-01	-9.89E-01	-1.48313	-1.9775	-2.47188	-2.96625	-3.46063	-3.955
443.824	-4.94E-01	-9.87E-01	-1.48056	-1.97409	-2.46761	-2.96113	-3.45465	-3.94817
444.412	-4.93E-01	-9.85E-01	-1.47796	-1.97061	-2.46327	-2.95592	-3.44857	-3.94123
445	-4.92E-01	-9.84E-01	-1.47531	-1.96708	-2.45885	-2.95062	-3.44239	-3.93416
445.588	-4.91E-01	-9.82E-01	-1.47262	-1.96349	-2.45437	-2.94524	-3.43611	-3.92698
446.176	-4.90E-01	-9.80E-01	-1.46988	-1.95984	-2.4498	-2.93976	-3.42972	-3.91969
446.765	-4.89E-01	-9.78E-01	-1.4671	-1.95613	-2.44517	-2.9342	-3.42324	-3.91227
447.353	-4.88E-01	-9.76E-01	-1.46428	-1.95237	-2.44046	-2.92855	-3.41664	-3.90474
447.941	-4.87E-01	-9.74E-01	-1.46141	-1.94854	-2.43568	-2.92281	-3.40995	-3.89708
448.529	-4.86E-01	-9.72E-01	-1.45849	-1.94465	-2.43082	-2.91698	-3.40315	-3.88931
449.118	-4.85E-01	-9.70E-01	-1.45553	-1.94071	-2.42589	-2.91106	-3.39624	-3.88142
449.706	-4.84E-01	-9.68E-01	-1.45253	-1.9367	-2.42088	-2.90506	-3.38923	-3.87341
450.294	-4.83E-01	-9.66E-01	-1.44948	-1.93264	-2.4158	-2.89896	-3.38212	-3.86528
450.882	-4.82E-01	-9.64E-01	-1.44639	-1.92852	-2.41064	-2.89277	-3.3749	-3.85703
451.471	-4.81E-01	-9.62E-01	-1.44325	-1.92433	-2.40541	-2.8865	-3.36758	-3.84866
452.059	-4.80E-01	-9.60E-01	-1.44007	-1.92009	-2.40011	-2.88013	-3.36015	-3.84017
452.647	-4.79E-01	-9.58E-01	-1.43684	-1.91578	-2.39473	-2.87367	-3.35262	-3.83157
453.235	-4.78E-01	-9.56E-01	-1.43356	-1.91142	-2.38927	-2.86713	-3.34498	-3.82284
453.824	-4.77E-01	-9.53E-01	-1.43025	-1.907	-2.38374	-2.86049	-3.33724	-3.81399
454.412	-4.76E-01	-9.51E-01	-1.42688	-1.90251	-2.37814	-2.85377	-3.32939	-3.80502
455	-4.74E-01	-9.49E-01	-1.42348	-1.89797	-2.37246	-2.84695	-3.32144	-3.79593
455.588	-4.73E-01	-9.47E-01	-1.42002	-1.89336	-2.3667	-2.84004	-3.31338	-3.78672
456.176	-4.72E-01	-9.44E-01	-1.41652	-1.8887	-2.36087	-2.83305	-3.30522	-3.7774
456.765	-4.71E-01	-9.42E-01	-1.41298	-1.88397	-2.35497	-2.82596	-3.29695	-3.76795
457.353	-4.70E-01	-9.40E-01	-1.40939	-1.87919	-2.34899	-2.81879	-3.28858	-3.75838
457.941	-4.69E-01	-9.37E-01	-1.40576	-1.87434	-2.34293	-2.81152	-3.2801	-3.74869
458.529	-4.67E-01	-9.35E-01	-1.40208	-1.86944	-2.3368	-2.80416	-3.27152	-3.73888
459.118	-4.66E-01	-9.32E-01	-1.39836	-1.86448	-2.33059	-2.79671	-3.26283	-3.72895
459.706	-4.65E-01	-9.30E-01	-1.39459	-1.85945	-2.32431	-2.78918	-3.25404	-3.7189
460.294	-4.64E-01	-9.27E-01	-1.39077	-1.85437	-2.31796	-2.78155	-3.24514	-3.70873
460.882	-4.62E-01	-9.25E-01	-1.38691	-1.84922	-2.31152	-2.77383	-3.23613	-3.69844
461.471	-4.61E-01	-9.22E-01	-1.38301	-1.84401	-2.30502	-2.76602	-3.22702	-3.68803
462.059	-4.60E-01	-9.19E-01	-1.37906	-1.83874	-2.29843	-2.75811	-3.2178	-3.67748
462.647	-4.58E-01	-9.17E-01	-1.37506	-1.83342	-2.29177	-2.75012	-3.20848	-3.66683
463.235	-4.57E-01	-9.14E-01	-1.37101	-1.82801	-2.28502	-2.74202	-3.19903	-3.65603
463.824	-4.56E-01	-9.11E-01	-1.36693	-1.82257	-2.27821	-2.73385	-3.18949	-3.64514
464.412	-4.54E-01	-9.09E-01	-1.36277	-1.81703	-2.27129	-2.72554	-3.1798	-3.63406
465	-4.53E-01	-9.06E-01	-1.35858	-1.81144	-2.2643	-2.71715	-3.17001	-3.62287
465.588	-4.51E-01	-9.03E-01	-1.35431	-1.80574	-2.25718	-2.70861	-3.16005	-3.61148
466.176	-4.50E-01	-9.00E-01	-1.34999	-1.79999	-2.24999	-2.69999	-3.14999	-3.59999
466.765	-4.49E-01	-8.97E-01	-1.34562	-1.79415	-2.24269	-2.69123	-3.13977	-3.58831
467.353	-4.47E-01	-8.94E-01	-1.3412	-1.78827	-2.23534	-2.6824	-3.12947	-3.57654
467.941	-4.46E-01	-8.91E-01	-1.33673	-1.78231	-2.22789	-2.67346	-3.11904	-3.56462
468.529	-4.44E-01	-8.88E-01	-1.33222	-1.7763	-2.22037	-2.66444	-3.10852	-3.55259
469.118	-4.43E-01	-8.85E-01	-1.32766	-1.77022	-2.21277	-2.65533	-3.09788	-3.54044
469.706	-4.41E-01	-8.82E-01	-1.32306	-1.76408	-2.2051	-2.64612	-3.08714	-3.52817
470.294	-4.39E-01	-8.79E-01	-1.31842	-1.75789	-2.19736	-2.63683	-3.0763	-3.51578
470.882	-4.38E-01	-8.76E-01	-1.31372	-1.75163	-2.18954	-2.62745	-3.06536	-3.50326
471.471	-4.36E-01	-8.73E-01	-1.30899	-1.74532	-2.18165	-2.61798	-3.05431	-3.49064
472.059	-4.35E-01	-8.69E-01	-1.30421	-1.73895	-2.17369	-2.60842	-3.04316	-3.4779
472.647	-4.33E-01	-8.66E-01	-1.29939	-1.73252	-2.16565	-2.59878	-3.03191	-3.46504
473.235	-4.32E-01	-8.63E-01	-1.29452	-1.72603	-2.15754	-2.58905	-3.02056	-3.45206
473.824	-4.30E-01	-8.60E-01	-1.28962	-1.71949	-2.14936	-2.57923	-3.0091	-3.43898
474.412	-4.28E-01	-8.56E-01	-1.28466	-1.71288	-2.14111	-2.56933	-2.99755	-3.42577
475	-4.27E-01	-8.53E-01	-1.27967	-1.70623	-2.13278	-2.55934	-2.98589	-3.41245
475.588	-4.25E-01	-8.50E-01	-1.27463	-1.69951	-2.12439	-2.54926	-2.97414	-3.39902
476.176	-4.23E-01	-8.46E-01	-1.26955	-1.69273	-2.11592	-2.5391	-2.96228	-3.38547
476.765	-4.21E-01	-8.43E-01	-1.26443	-1.6859	-2.10738	-2.52886	-2.95033	-3.37181
477.353	-4.20E-01	-8.40E-01	-1.25926	-1.67902	-2.09877	-2.51852	-2.93828	-3.35803
477.941	-4.18E-01	-8.36E-01	-1.25405	-1.67207	-2.09009	-2.50811	-2.92613	-3.34415
478.529	-4.16E-01	-8.33E-01	-1.2488	-1.66507	-2.08134	-2.49761	-2.91388	-3.33014
479.118	-4.15E-01	-8.29E-01	-1.24351	-1.65802	-2.07252	-2.48702	-2.90153	-3.31603
479.706	-4.13E-01	-8.25E-01	-1.23818	-1.65091	-2.06363	-2.47636	-2.88908	-3.30181
480.294	-4.11E-01	-8.22E-01	-1.2328	-1.64374	-2.05467	-2.46561	-2.87654	-3.28748
480.882	-4.09E-01	-8.18E-01	-1.22739	-1.63652	-2.04564	-2.45477	-2.8639	-3.27303
481.471	-4.07E-01	-8.15E-01	-1.22193	-1.62924	-2.03655	-2.44386	-2.85117	-3.25848
482.059	-4.05E-01	-8.11E-01	-1.21643	-1.62191	-2.02738	-2.43286	-2.83834	-3.24381
482.647	-4.04E-01	-8.07E-01	-1.21089	-1.61452	-2.01815	-2.42178	-2.82541	-3.22904
483.235	-4.02E-01	-8.04E-01	-1.20531	-1.60708	-2.00885	-2.41062	-2.81239	-3.21416
483.824	-4.00E-01	-8.00E-01	-1.19969	-1.59958	-1.99948	-2.39938	-2.79927	-3.19917
484.412	-3.98E-01	-7.96E-01	-1.19403	-1.59204	-1.99004	-2.38805	-2.78606	-3.18407
485	-3.96E-01	-7.92E-01	-1.18833	-1.58443	-1.98054	-2.37665	-2.77276	-3.16887
485.588	-3.94E-01	-7.88E-01	-1.18258	-1.57678	-1.97097	-2.36517	-2.75936	-3.15356
486.176	-3.92E-01	-7.85E-01	-1.1768	-1.56907	-1.96134	-2.35361	-2.74588	-3.13814
486.765	-3.90E-01	-7.81E-01	-1.17098	-1.56131	-1.95164	-2.34197	-2.7323	-3.12262
487.353	-3.88E-01	-7.77E-01	-1.16513	-1.5535	-1.94188	-2.33025	-2.71863	-3.107
487.941	-3.86E-01	-7.73E-01	-1.15923	-1.54564	-1.93205	-2.31846	-2.70486	-3.09127
488.529	-3.84E-01	-7.69E-01	-1.15329	-1.53772	-1.92215	-2.30658	-2.69101	-3.07544
489.118	-3.82E-01	-7.65E-01	-1.14732	-1.52976	-1.91219	-2.29463	-2.67707	-3.05951
489.706	-3.80E-01	-7.61E-01	-1.1413	-1.52174	-1.90217	-2.28261	-2.66304	-3.04348
490.294	-3.78E-01	-7.57E-01	-1.13525	-1.51367	-1.89209	-2.27051	-2.64892	-3.02734
490.882	-3.76E-01	-7.53E-01	-1.12916	-1.50555	-1.88194	-2.25833	-2.63472	-3.01111
491.471	-3.74E-01	-7.49E-01	-1.12304	-1.49739	-1.87173	-2.24608	-2.62042	-2.99477
492.059	-3.72E-01	-7.45E-01	-1.11688	-1.48917	-1.86146	-2.23375	-2.60604	-2.97834
492.647	-3.70E-01	-7.40E-01	-1.11068	-1.4809	-1.85113	-2.22135	-2.59158	-2.9618
493.235	-3.68E-01	-7.36E-01	-1.10444	-1.47259	-1.84073	-2.20888	-2.57703	-2.94517
493.824	-3.66E-01	-7.32E-01	-1.09817	-1.46422	-1.83028	-2.19633	-2.56239	-2.92845
494.412	-3.64E-01	-7.28E-01	-1.09186	-1.45581	-1.81976	-2.18372	-2.54767	-2.91162
495	-3.62E-01	-7.24E-01	-1.08551	-1.44735	-1.80919	-2.17103	-2.53286	-2.8947
495.588	-3.60E-01	-7.19E-01	-1.07913	-1.43884	-1.79855	-2.15827	-2.51798	-2.87769
496.176	-3.58E-01	-7.15E-01	-1.07272	-1.43029	-1.78786	-2.14543	-2.50301	-2.86058
496.765	-3.55E-01	-7.11E-01	-1.06627	-1.42169	-1.77711	-2.13253	-2.48795	-2.84338
497.353	-3.53E-01	-7.07E-01	-1.05978	-1.41304	-1.7663	-2.11956	-2.47282	-2.82608
497.941	-3.51E-01	-7.02E-01	-1.05326	-1.40435	-1.75543	-2.10652	-2.45761	-2.80869
498.529	-3.49E-01	-6.98E-01	-1.0467	-1.39561	-1.74451	-2.09341	-2.44231	-2.79121
499.118	-3.47E-01	-6.93E-01	-1.04012	-1.38682	-1.73353	-2.08023	-2.42694	-2.77364
499.706	-3.44E-01	-6.89E-01	-1.03349	-1.37799	-1.72249	-2.06699	-2.41148	-2.75598
500.294	-3.42E-01	-6.85E-01	-1.02684	-1.36912	-1.71139	-2.05367	-2.39595	-2.73823
500.882	-3.40E-01	-6.80E-01	-1.02015	-1.3602	-1.70024	-2.04029	-2.38034	-2.72039
501.471	-3.38E-01	-6.76E-01	-1.01342	-1.35123	-1.68904	-2.02685	-2.36466	-2.70246
502.059	-3.36E-01	-6.71E-01	-1.00667	-1.34222	-1.67778	-2.01334	-2.34889	-2.68445
502.647	-3.33E-01	-6.67E-01	-1.00E+00	-1.33317	-1.66647	-1.99976	-2.33305	-2.66635
503.235	-3.31E-01	-6.62E-01	-9.93E-01	-1.32408	-1.6551	-1.98612	-2.31714	-2.64816
503.824	-3.29E-01	-6.57E-01	-9.86E-01	-1.31494	-1.64368	-1.97242	-2.30115	-2.62989
504.412	-3.26E-01	-6.53E-01	-9.79E-01	-1.30576	-1.63221	-1.95865	-2.28509	-2.61153
505	-3.24E-01	-6.48E-01	-9.72E-01	-1.29654	-1.62068	-1.94482	-2.26895	-2.59309
505.588	-3.22E-01	-6.44E-01	-9.65E-01	-1.28728	-1.6091	-1.93092	-2.25274	-2.57456
506.176	-3.19E-01	-6.39E-01	-9.58E-01	-1.27798	-1.59747	-1.91697	-2.23646	-2.55595
506.765	-3.17E-01	-6.34E-01	-9.51E-01	-1.26863	-1.58579	-1.90295	-2.22011	-2.53726
507.353	-3.15E-01	-6.30E-01	-9.44E-01	-1.25925	-1.57406	-1.88887	-2.20368	-2.51849
507.941	-3.12E-01	-6.25E-01	-9.37E-01	-1.24982	-1.56228	-1.87473	-2.18719	-2.49964
508.529	-3.10E-01	-6.20E-01	-9.30E-01	-1.24036	-1.55044	-1.86053	-2.17062	-2.48071
509.118	-3.08E-01	-6.15E-01	-9.23E-01	-1.23085	-1.53856	-1.84628	-2.15399	-2.4617
509.706	-3.05E-01	-6.11E-01	-9.16E-01	-1.22131	-1.52663	-1.83196	-2.13729	-2.44261
510.294	-3.03E-01	-6.06E-01	-9.09E-01	-1.21172	-1.51465	-1.81758	-2.12051	-2.42345
510.882	-3.01E-01	-6.01E-01	-9.02E-01	-1.2021	-1.50263	-1.80315	-2.10368	-2.4042
511.471	-2.98E-01	-5.96E-01	-8.94E-01	-1.19244	-1.49055	-1.78866	-2.08677	-2.38488
512.059	-2.96E-01	-5.91E-01	-8.87E-01	-1.18274	-1.47843	-1.77411	-2.0698	-2.36549
512.647	-2.93E-01	-5.87E-01	-8.80E-01	-1.17301	-1.46626	-1.75951	-2.05276	-2.34602
513.235	-2.91E-01	-5.82E-01	-8.72E-01	-1.16324	-1.45404	-1.74485	-2.03566	-2.32647
513.824	-2.88E-01	-5.77E-01	-8.65E-01	-1.15343	-1.44178	-1.73014	-2.0185	-2.30685
514.412	-2.86E-01	-5.72E-01	-8.58E-01	-1.14358	-1.42948	-1.71537	-2.00127	-2.28716
515	-2.83E-01	-5.67E-01	-8.50E-01	-1.1337	-1.41712	-1.70055	-1.98397	-2.2674
515.588	-2.81E-01	-5.62E-01	-8.43E-01	-1.12378	-1.40473	-1.68567	-1.96662	-2.24756
516.176	-2.78E-01	-5.57E-01	-8.35E-01	-1.11383	-1.39229	-1.67074	-1.9492	-2.22766
516.765	-2.76E-01	-5.52E-01	-8.28E-01	-1.10384	-1.3798	-1.65576	-1.93172	-2.20768
517.353	-2.73E-01	-5.47E-01	-8.20E-01	-1.09382	-1.36727	-1.64073	-1.91418	-2.18764
517.941	-2.71E-01	-5.42E-01	-8.13E-01	-1.08376	-1.3547	-1.62564	-1.89658	-2.16753
518.529	-2.68E-01	-5.37E-01	-8.05E-01	-1.07367	-1.34209	-1.61051	-1.87893	-2.14734
519.118	-2.66E-01	-5.32E-01	-7.98E-01	-1.06355	-1.32943	-1.59532	-1.86121	-2.12709
519.706	-2.63E-01	-5.27E-01	-7.90E-01	-1.05339	-1.31674	-1.58008	-1.84343	-2.10678
520.294	-2.61E-01	-5.22E-01	-7.82E-01	-1.0432	-1.304	-1.5648	-1.8256	-2.0864
520.882	-2.58E-01	-5.16E-01	-7.75E-01	-1.03298	-1.29122	-1.54946	-1.80771	-2.06595
521.471	-2.56E-01	-5.11E-01	-7.67E-01	-1.02272	-1.2784	-1.53408	-1.78976	-2.04544
522.059	-2.53E-01	-5.06E-01	-7.59E-01	-1.01243	-1.26554	-1.51865	-1.77176	-2.02487
522.647	-2.51E-01	-5.01E-01	-7.52E-01	-1.00212	-1.25264	-1.50317	-1.7537	-2.00423
523.235	-2.48E-01	-4.96E-01	-7.44E-01	-9.92E-01	-1.23971	-1.48765	-1.73559	-1.98353
523.824	-2.45E-01	-4.91E-01	-7.36E-01	-9.81E-01	-1.22673	-1.47208	-1.71742	-1.96277
524.412	-2.43E-01	-4.85E-01	-7.28E-01	-9.71E-01	-1.21372	-1.45646	-1.6992	-1.94195
525	-2.40E-01	-4.80E-01	-7.20E-01	-9.61E-01	-1.20066	-1.4408	-1.68093	-1.92106
525.588	-2.38E-01	-4.75E-01	-7.13E-01	-9.50E-01	-1.18758	-1.42509	-1.66261	-1.90012
526.176	-2.35E-01	-4.70E-01	-7.05E-01	-9.40E-01	-1.17445	-1.40934	-1.64423	-1.87912
526.765	-2.32E-01	-4.65E-01	-6.97E-01	-9.29E-01	-1.16129	-1.39355	-1.6258	-1.85806
527.353	-2.30E-01	-4.59E-01	-6.89E-01	-9.18E-01	-1.14809	-1.37771	-1.60733	-1.83694
527.941	-2.27E-01	-4.54E-01	-6.81E-01	-9.08E-01	-1.13486	-1.36183	-1.5888	-1.81577
528.529	-2.24E-01	-4.49E-01	-6.73E-01	-8.97E-01	-1.12159	-1.34591	-1.57022	-1.79454
529.118	-2.22E-01	-4.43E-01	-6.65E-01	-8.87E-01	-1.10828	-1.32994	-1.5516	-1.77326
529.706	-2.19E-01	-4.38E-01	-6.57E-01	-8.76E-01	-1.09495	-1.31394	-1.53293	-1.75192
530.294	-2.16E-01	-4.33E-01	-6.49E-01	-8.65E-01	-1.08158	-1.29789	-1.51421	-1.73052
530.882	-2.14E-01	-4.27E-01	-6.41E-01	-8.55E-01	-1.06817	-1.28181	-1.49544	-1.70908
531.471	-2.11E-01	-4.22E-01	-6.33E-01	-8.44E-01	-1.05474	-1.26568	-1.47663	-1.68758
532.059	-2.08E-01	-4.17E-01	-6.25E-01	-8.33E-01	-1.04127	-1.24952	-1.45777	-1.66603
532.647	-2.06E-01	-4.11E-01	-6.17E-01	-8.22E-01	-1.02777	-1.23332	-1.43887	-1.64443
533.235	-2.03E-01	-4.06E-01	-6.09E-01	-8.11E-01	-1.01423	-1.21708	-1.41993	-1.62277
533.824	-2.00E-01	-4.00E-01	-6.00E-01	-8.01E-01	-1.00067	-1.2008	-1.40094	-1.60107
534.412	-1.97E-01	-3.95E-01	-5.92E-01	-7.90E-01	-9.87E-01	-1.18449	-1.3819	-1.57932
535	-1.95E-01	-3.89E-01	-5.84E-01	-7.79E-01	-9.73E-01	-1.16814	-1.36283	-1.55752
535.588	-1.92E-01	-3.84E-01	-5.76E-01	-7.68E-01	-9.60E-01	-1.15175	-1.34371	-1.53567
536.176	-1.89E-01	-3.78E-01	-5.68E-01	-7.57E-01	-9.46E-01	-1.13533	-1.32456	-1.51378
536.765	-1.86E-01	-3.73E-01	-5.59E-01	-7.46E-01	-9.32E-01	-1.11888	-1.30536	-1.49184
537.353	-1.84E-01	-3.67E-01	-5.51E-01	-7.35E-01	-9.19E-01	-1.10239	-1.28612	-1.46985
537.941	-1.81E-01	-3.62E-01	-5.43E-01	-7.24E-01	-9.05E-01	-1.08587	-1.26684	-1.44782
538.529	-1.78E-01	-3.56E-01	-5.35E-01	-7.13E-01	-8.91E-01	-1.06931	-1.24753	-1.42575
539.118	-1.75E-01	-3.51E-01	-5.26E-01	-7.02E-01	-8.77E-01	-1.05272	-1.22817	-1.40363
539.706	-1.73E-01	-3.45E-01	-5.18E-01	-6.91E-01	-8.63E-01	-1.0361	-1.20878	-1.38147
540.294	-1.70E-01	-3.40E-01	-5.10E-01	-6.80E-01	-8.50E-01	-1.01945	-1.18935	-1.35926
540.882	-1.67E-01	-3.34E-01	-5.01E-01	-6.69E-01	-8.36E-01	-1.00276	-1.16989	-1.33702
541.471	-1.64E-01	-3.29E-01	-4.93E-01	-6.57E-01	-8.22E-01	-9.86E-01	-1.15039	-1.31473
542.059	-1.62E-01	-3.23E-01	-4.85E-01	-6.46E-01	-8.08E-01	-9.69E-01	-1.13086	-1.29241
542.647	-1.59E-01	-3.18E-01	-4.76E-01	-6.35E-01	-7.94E-01	-9.53E-01	-1.11129	-1.27004
543.235	-1.56E-01	-3.12E-01	-4.68E-01	-6.24E-01	-7.80E-01	-9.36E-01	-1.09169	-1.24764
543.824	-1.53E-01	-3.06E-01	-4.59E-01	-6.13E-01	-7.66E-01	-9.19E-01	-1.07205	-1.2252
544.412	-1.50E-01	-3.01E-01	-4.51E-01	-6.01E-01	-7.52E-01	-9.02E-01	-1.05238	-1.20272
545	-1.48E-01	-2.95E-01	-4.43E-01	-5.90E-01	-7.38E-01	-8.85E-01	-1.03268	-1.18021
545.588	-1.45E-01	-2.89E-01	-4.34E-01	-5.79E-01	-7.24E-01	-8.68E-01	-1.01295	-1.15766
546.176	-1.42E-01	-2.84E-01	-4.26E-01	-5.68E-01	-7.09E-01	-8.51E-01	-9.93E-01	-1.13507
546.765	-1.39E-01	-2.78E-01	-4.17E-01	-5.56E-01	-6.95E-01	-8.34E-01	-9.73E-01	-1.11245
547.353	-1.36E-01	-2.72E-01	-4.09E-01	-5.45E-01	-6.81E-01	-8.17E-01	-9.54E-01	-1.0898
547.941	-1.33E-01	-2.67E-01	-4.00E-01	-5.34E-01	-6.67E-01	-8.00E-01	-9.34E-01	-1.06711
548.529	-1.31E-01	-2.61E-01	-3.92E-01	-5.22E-01	-6.53E-01	-7.83E-01	-9.14E-01	-1.0444
549.118	-1.28E-01	-2.55E-01	-3.83E-01	-5.11E-01	-6.39E-01	-7.66E-01	-8.94E-01	-1.02164
549.706	-1.25E-01	-2.50E-01	-3.75E-01	-4.99E-01	-6.24E-01	-7.49E-01	-8.74E-01	-9.99E-01
550.294	-1.22E-01	-2.44E-01	-3.66E-01	-4.88E-01	-6.10E-01	-7.32E-01	-8.54E-01	-9.76E-01
550.882	-1.19E-01	-2.38E-01	-3.57E-01	-4.77E-01	-5.96E-01	-7.15E-01	-8.34E-01	-9.53E-01
551.471	-1.16E-01	-2.33E-01	-3.49E-01	-4.65E-01	-5.81E-01	-6.98E-01	-8.14E-01	-9.30E-01
552.059	-1.13E-01	-2.27E-01	-3.40E-01	-4.54E-01	-5.67E-01	-6.81E-01	-7.94E-01	-9.07E-01
552.647	-1.11E-01	-2.21E-01	-3.32E-01	-4.42E-01	-5.53E-01	-6.63E-01	-7.74E-01	-8.85E-01
553.235	-1.08E-01	-2.15E-01	-3.23E-01	-4.31E-01	-5.38E-01	-6.46E-01	-7.54E-01	-8.62E-01
553.824	-1.05E-01	-2.10E-01	-3.14E-01	-4.19E-01	-5.24E-01	-6.29E-01	-7.34E-01	-8.39E-01
554.412	-1.02E-01	-2.04E-01	-3.06E-01	-4.08E-01	-5.10E-01	-6.12E-01	-7.14E-01	-8.16E-01
555	-9.91E-02	-1.98E-01	-2.97E-01	-3.96E-01	-4.95E-01	-5.94E-01	-6.93E-01	-7.93E-01
555.588	-9.62E-02	-1.92E-01	-2.89E-01	-3.85E-01	-4.81E-01	-5.77E-01	-6.73E-01	-7.70E-01
556.176	-9.33E-02	-1.87E-01	-2.80E-01	-3.73E-01	-4.67E-01	-5.60E-01	-6.53E-01	-7.46E-01
556.765	-9.04E-02	-1.81E-01	-2.71E-01	-3.62E-01	-4.52E-01	-5.43E-01	-6.33E-01	-7.23E-01
557.353	-8.75E-02	-1.75E-01	-2.63E-01	-3.50E-01	-4.38E-01	-5.25E-01	-6.13E-01	-7.00E-01
557.941	-8.46E-02	-1.69E-01	-2.54E-01	-3.39E-01	-4.23E-01	-5.08E-01	-5.92E-01	-6.77E-01
558.529	-8.17E-02	-1.63E-01	-2.45E-01	-3.27E-01	-4.09E-01	-4.90E-01	-5.72E-01	-6.54E-01
559.118	-7.88E-02	-1.58E-01	-2.37E-01	-3.15E-01	-3.94E-01	-4.73E-01	-5.52E-01	-6.31E-01
559.706	-7.59E-02	-1.52E-01	-2.28E-01	-3.04E-01	-3.80E-01	-4.56E-01	-5.32E-01	-6.08E-01
560.294	-7.30E-02	-1.46E-01	-2.19E-01	-2.92E-01	-3.65E-01	-4.38E-01	-5.11E-01	-5.84E-01
560.882	-7.01E-02	-1.40E-01	-2.10E-01	-2.81E-01	-3.51E-01	-4.21E-01	-4.91E-01	-5.61E-01
561.471	-6.72E-02	-1.34E-01	-2.02E-01	-2.69E-01	-3.36E-01	-4.03E-01	-4.71E-01	-5.38E-01
562.059	-6.43E-02	-1.29E-01	-1.93E-01	-2.57E-01	-3.22E-01	-3.86E-01	-4.50E-01	-5.15E-01
562.647	-6.14E-02	-1.23E-01	-1.84E-01	-2.46E-01	-3.07E-01	-3.68E-01	-4.30E-01	-4.91E-01
563.235	-5.85E-02	-1.17E-01	-1.76E-01	-2.34E-01	-2.93E-01	-3.51E-01	-4.10E-01	-4.68E-01
563.824	-5.56E-02	-1.11E-01	-1.67E-01	-2.22E-01	-2.78E-01	-3.34E-01	-3.89E-01	-4.45E-01
564.412	-5.27E-02	-1.05E-01	-1.58E-01	-2.11E-01	-2.63E-01	-3.16E-01	-3.69E-01	-4.21E-01
565	-4.98E-02	-9.95E-02	-1.49E-01	-1.99E-01	-2.49E-01	-2.99E-01	-3.48E-01	-3.98E-01
565.588	-4.68E-02	-9.37E-02	-1.41E-01	-1.87E-01	-2.34E-01	-2.81E-01	-3.28E-01	-3.75E-01
566.176	-4.39E-02	-8.78E-02	-1.32E-01	-1.76E-01	-2.20E-01	-2.63E-01	-3.07E-01	-3.51E-01
566.765	-4.10E-02	-8.20E-02	-1.23E-01	-1.64E-01	-2.05E-01	-2.46E-01	-2.87E-01	-3.28E-01
567.353	-3.81E-02	-7.61E-02	-1.14E-01	-1.52E-01	-1.90E-01	-2.28E-01	-2.66E-01	-3.05E-01
567.941	-3.51E-02	-7.03E-02	-1.05E-01	-1.41E-01	-1.76E-01	-2.11E-01	-2.46E-01	-2.81E-01
568.529	-3.22E-02	-6.44E-02	-9.67E-02	-1.29E-01	-1.61E-01	-1.93E-01	-2.26E-01	-2.58E-01
569.118	-2.93E-02	-5.86E-02	-8.79E-02	-1.17E-01	-1.46E-01	-1.76E-01	-2.05E-01	-2.34E-01
569.706	-2.64E-02	-5.27E-02	-7.91E-02	-1.05E-01	-1.32E-01	-1.58E-01	-1.85E-01	-2.11E-01
570.294	-2.34E-02	-4.69E-02	-7.03E-02	-9.38E-02	-1.17E-01	-1.41E-01	-1.64E-01	-1.88E-01
570.882	-2.05E-02	-4.10E-02	-6.15E-02	-8.21E-02	-1.03E-01	-1.23E-01	-1.44E-01	-1.64E-01
571.471	-1.76E-02	-3.52E-02	-5.28E-02	-7.03E-02	-8.79E-02	-1.06E-01	-1.23E-01	-1.41E-01
572.059	-1.47E-02	-2.93E-02	-4.40E-02	-5.86E-02	-7.33E-02	-8.79E-02	-1.03E-01	-1.17E-01
572.647	-1.17E-02	-2.35E-02	-3.52E-02	-4.69E-02	-5.86E-02	-7.04E-02	-8.21E-02	-9.38E-02
573.235	-8.80E-03	-1.76E-02	-2.64E-02	-3.52E-02	-4.40E-02	-5.28E-02	-6.16E-02	-7.04E-02
573.824	-5.87E-03	-1.17E-02	-1.76E-02	-2.35E-02	-2.93E-02	-3.52E-02	-4.11E-02	-4.69E-02
574.412	-2.94E-03	-5.87E-03	-8.81E-03	-1.17E-02	-1.47E-02	-1.76E-02	-2.05E-02	-2.35E-02
575	-4.24E-06	-8.48E-06	-1.27E-05	-1.70E-05	-2.12E-05	-2.54E-05	-2.97E-05	-3.39E-05
