
                  X             E11_1D40N10F       E11_1D40N20F       E11_1D40N50F      E11_1D40N100F  

                0.                 1.81899E-12      909.495E-15        454.747E-15        113.687E-15  
                5.               -10.7572E-06       -10.7572E-06       -10.7572E-06       -10.7572E-06 
               10.               -21.5144E-06       -21.5144E-06       -21.5144E-06       -21.5144E-06 
               11.25             -24.2037E-06       -24.2037E-06       -24.2037E-06       -24.2037E-06 
               15.               -32.2716E-06       -32.2716E-06       -32.2716E-06       -32.2716E-06 
               20.               -43.0289E-06       -43.0289E-06       -43.0289E-06       -43.0289E-06 
               22.5              -48.4075E-06       -48.4075E-06       -48.4075E-06       -48.4075E-06 
               25.               -53.7861E-06       -53.7861E-06       -53.7861E-06       -53.7861E-06 
               27.               -58.089E-06        -58.089E-06        -58.089E-06        -58.089E-06  
               30.               -64.5433E-06       -64.5433E-06       -64.5433E-06       -64.5433E-06 
               33.75             -72.6112E-06       -72.6112E-06       -72.6112E-06       -72.6112E-06 
               35.               -75.3005E-06       -75.3005E-06       -75.3005E-06       -75.3005E-06 
               40.               -86.0577E-06       -86.0577E-06       -86.0577E-06       -86.0577E-06 
               45.               -96.815E-06        -96.8149E-06       -96.8149E-06       -96.8149E-06 
               50.              -107.572E-06       -107.572E-06       -107.572E-06       -107.572E-06  
               54.              -116.178E-06       -116.178E-06       -116.178E-06       -116.178E-06  
               55.              -118.329E-06       -118.329E-06       -118.329E-06       -118.329E-06  
               56.25            -121.019E-06       -121.019E-06       -121.019E-06       -121.019E-06  
               60.              -129.087E-06       -129.087E-06       -129.087E-06       -129.087E-06  
               65.              -139.844E-06       -139.844E-06       -139.844E-06       -139.844E-06  
               67.5             -145.222E-06       -145.222E-06       -145.222E-06       -145.222E-06  
               70.              -150.601E-06       -150.601E-06       -150.601E-06       -150.601E-06  
               75.              -161.358E-06       -161.358E-06       -161.358E-06       -161.358E-06  
               78.75            -169.426E-06       -169.426E-06       -169.426E-06       -169.426E-06  
               80.              -172.115E-06       -172.115E-06       -172.115E-06       -172.115E-06  
               81.              -174.267E-06       -174.267E-06       -174.267E-06       -174.267E-06  
               85.              -182.873E-06       -182.873E-06       -182.873E-06       -182.873E-06  
               90.              -193.63E-06        -193.63E-06        -193.63E-06        -193.63E-06   
               95.              -204.387E-06       -204.387E-06       -204.387E-06       -204.387E-06  
              100.              -215.144E-06       -215.144E-06       -215.144E-06       -215.144E-06  
              101.25            -217.834E-06       -217.834E-06       -217.834E-06       -217.834E-06  
              105.              -225.902E-06       -225.902E-06       -225.902E-06       -225.902E-06  
              108.              -232.356E-06       -232.356E-06       -232.356E-06       -232.356E-06  
              110.              -236.659E-06       -236.659E-06       -236.659E-06       -236.659E-06  
              112.5             -242.037E-06       -242.037E-06       -242.037E-06       -242.037E-06  
              115.              -247.416E-06       -247.416E-06       -247.416E-06       -247.416E-06  
              120.              -258.173E-06       -258.173E-06       -258.173E-06       -258.173E-06  
              123.75            -266.241E-06       -266.241E-06       -266.241E-06       -266.241E-06  
              125.              -268.93E-06        -268.93E-06        -268.93E-06        -268.93E-06   
              130.              -279.688E-06       -279.688E-06       -279.688E-06       -279.688E-06  
              135.              -290.445E-06       -290.445E-06       -290.445E-06       -290.445E-06  
              140.              -277.943E-06       -277.943E-06       -277.943E-06       -277.943E-06  
              145.              -265.441E-06       -265.441E-06       -265.441E-06       -265.441E-06  
              146.              -262.941E-06       -262.941E-06       -262.941E-06       -262.941E-06  
              150.              -252.939E-06       -252.939E-06       -252.939E-06       -252.939E-06  
              155.              -240.437E-06       -240.437E-06       -240.437E-06       -240.437E-06  
              157.              -235.436E-06       -235.436E-06       -235.436E-06       -235.436E-06  
              160.              -227.935E-06       -227.935E-06       -227.935E-06       -227.935E-06  
              162.5             -221.684E-06       -221.684E-06       -221.684E-06       -221.684E-06  
              165.              -215.433E-06       -215.433E-06       -215.433E-06       -215.433E-06  
              168.              -207.932E-06       -207.932E-06       -207.932E-06       -207.932E-06  
              170.              -202.931E-06       -202.931E-06       -202.931E-06       -202.931E-06  
              175.              -190.429E-06       -190.429E-06       -190.429E-06       -190.429E-06  
              179.              -180.428E-06       -180.428E-06       -180.428E-06       -180.428E-06  
              180.              -177.927E-06       -177.927E-06       -177.927E-06       -177.927E-06  
              185.              -165.426E-06       -165.426E-06       -165.426E-06       -165.426E-06  
              190.              -152.924E-06       -152.924E-06       -152.924E-06       -152.924E-06  
              195.              -140.422E-06       -140.422E-06       -140.422E-06       -140.422E-06  
              200.              -127.92E-06        -127.92E-06        -127.92E-06        -127.92E-06   
              201.              -125.419E-06       -125.419E-06       -125.419E-06       -125.419E-06  
              205.              -115.418E-06       -115.418E-06       -115.418E-06       -115.418E-06  
              210.              -102.916E-06       -102.916E-06       -102.916E-06       -102.916E-06  
              212.               -97.9151E-06       -97.9151E-06       -97.9151E-06       -97.9151E-06 
              215.               -90.414E-06        -90.414E-06        -90.414E-06        -90.414E-06  
              217.5              -84.163E-06        -84.163E-06        -84.163E-06        -84.163E-06  
              220.               -77.912E-06        -77.912E-06        -77.912E-06        -77.912E-06  
              223.               -70.4109E-06       -70.4109E-06       -70.4109E-06       -70.4109E-06 
              225.               -65.4101E-06       -65.4101E-06       -65.4101E-06       -65.4101E-06 
              230.               -52.9082E-06       -52.9082E-06       -52.9082E-06       -52.9082E-06 
              234.               -42.9066E-06       -42.9066E-06       -42.9066E-06       -42.9066E-06 
              235.               -40.4062E-06       -40.4062E-06       -40.4062E-06       -40.4062E-06 
              240.               -27.9043E-06       -27.9043E-06       -27.9043E-06       -27.9043E-06 
              245.               -15.4024E-06       -15.4024E-06       -15.4024E-06       -15.4024E-06 
              250.                -2.90045E-06       -2.90045E-06       -2.90045E-06       -2.90045E-06
              255.                 9.60149E-06        9.60149E-06        9.60148E-06        9.60148E-06
              256.                12.1019E-06        12.1019E-06        12.1019E-06        12.1019E-06 
              260.                22.1034E-06        22.1034E-06        22.1034E-06        22.1034E-06 
              265.                34.6053E-06        34.6054E-06        34.6053E-06        34.6054E-06 
              267.                39.6061E-06        39.6061E-06        39.6061E-06        39.6061E-06 
              270.                47.1073E-06        47.1073E-06        47.1073E-06        47.1073E-06 
              272.5               53.3582E-06        53.3582E-06        53.3582E-06        53.3582E-06 
              275.                59.6092E-06        59.6092E-06        59.6092E-06        59.6092E-06 
              278.                67.1104E-06        67.1104E-06        67.1104E-06        67.1104E-06 
              280.                72.1111E-06        72.1111E-06        72.1111E-06        72.1111E-06 
              285.                84.6131E-06        84.6131E-06        84.6131E-06        84.6131E-06 
              289.                94.6146E-06        94.6146E-06        94.6146E-06        94.6146E-06 
              290.                97.115E-06         97.115E-06         97.115E-06         97.115E-06  
              295.               109.617E-06        109.617E-06        109.617E-06        109.617E-06  
              300.               122.119E-06        122.119E-06        122.119E-06        122.119E-06  
              305.               134.621E-06        134.621E-06        134.621E-06        134.621E-06  
              310.               147.123E-06        147.123E-06        147.123E-06        147.123E-06  
              311.               149.623E-06        149.623E-06        149.623E-06        149.623E-06  
              315.               159.625E-06        159.625E-06        159.625E-06        159.625E-06  
              320.               172.127E-06        172.127E-06        172.127E-06        172.127E-06  
              322.               177.127E-06        177.127E-06        177.127E-06        177.127E-06  
              325.               184.629E-06        184.628E-06        184.629E-06        184.629E-06  
              327.5              190.879E-06        190.879E-06        190.879E-06        190.879E-06  
              330.               197.13E-06         197.13E-06         197.13E-06         197.13E-06   
              333.               204.632E-06        204.632E-06        204.632E-06        204.632E-06  
              335.               209.632E-06        209.632E-06        209.632E-06        209.632E-06  
              340.               222.134E-06        222.134E-06        222.134E-06        222.134E-06  
              344.               232.136E-06        232.136E-06        232.136E-06        232.136E-06  
              345.               234.636E-06        234.636E-06        234.636E-06        234.636E-06  
              350.               247.138E-06        247.138E-06        247.138E-06        247.138E-06  
              355.               259.64E-06         259.64E-06         259.64E-06         259.64E-06   
              360.               272.142E-06        272.142E-06        272.142E-06        272.142E-06  
              365.               284.644E-06        284.644E-06        284.644E-06        284.644E-06  
              366.               287.144E-06        287.144E-06        287.144E-06        287.144E-06  
              370.               297.146E-06        297.146E-06        297.146E-06        297.146E-06  
              375.               309.648E-06        309.648E-06        309.648E-06        309.648E-06  
              377.               314.649E-06        314.649E-06        314.649E-06        314.649E-06  
              380.               322.15E-06         322.15E-06         322.15E-06         322.15E-06   
              382.5              328.401E-06        328.401E-06        328.401E-06        328.401E-06  
              385.               334.652E-06        334.652E-06        334.652E-06        334.652E-06  
              388.               342.153E-06        342.153E-06        342.153E-06        342.153E-06  
              390.               347.154E-06        347.154E-06        347.154E-06        347.154E-06  
              395.               359.656E-06        359.656E-06        359.656E-06        359.656E-06  
              399.               369.657E-06        369.657E-06        369.657E-06        369.657E-06  
              400.               372.157E-06        372.157E-06        372.157E-06        372.157E-06  
              405.               384.659E-06        384.659E-06        384.659E-06        384.659E-06  
              410.               397.161E-06        397.161E-06        397.161E-06        397.161E-06  
              415.               409.663E-06        409.663E-06        409.663E-06        409.663E-06  
              420.               422.165E-06        422.165E-06        422.165E-06        422.165E-06  
              421.               424.666E-06        424.666E-06        424.666E-06        424.666E-06  
              425.               434.667E-06        434.667E-06        434.667E-06        434.667E-06  
              430.               447.169E-06        447.169E-06        447.169E-06        447.169E-06  
              432.               452.17E-06         452.17E-06         452.17E-06         452.17E-06   
              435.               459.671E-06        459.671E-06        459.671E-06        459.671E-06  
              437.5              465.922E-06        465.922E-06        465.922E-06        465.922E-06  
              440.               472.173E-06        472.173E-06        472.173E-06        472.173E-06  
              443.               479.674E-06        479.674E-06        479.674E-06        479.674E-06  
              445.               484.675E-06        484.675E-06        484.675E-06        484.675E-06  
              450.               497.177E-06        497.177E-06        497.177E-06        497.177E-06  
              454.               507.178E-06        507.178E-06        507.178E-06        507.178E-06  
              455.               509.679E-06        509.679E-06        509.679E-06        509.679E-06  
              460.               522.181E-06        522.181E-06        522.181E-06        522.181E-06  
              465.               534.683E-06        534.683E-06        534.682E-06        534.683E-06  
              470.               510.379E-06        510.379E-06        510.379E-06        510.379E-06  
              475.               486.075E-06        486.075E-06        486.075E-06        486.075E-06  
              476.               481.214E-06        481.214E-06        481.214E-06        481.214E-06  
              480.               461.771E-06        461.771E-06        461.771E-06        461.771E-06  
              485.               437.468E-06        437.468E-06        437.468E-06        437.468E-06  
              487.               427.746E-06        427.746E-06        427.746E-06        427.746E-06  
              490.               413.164E-06        413.164E-06        413.164E-06        413.164E-06  
              492.5              401.012E-06        401.012E-06        401.012E-06        401.012E-06  
              495.               388.86E-06         388.86E-06         388.86E-06         388.86E-06   
              498.               374.278E-06        374.278E-06        374.278E-06        374.278E-06  
              500.               364.556E-06        364.556E-06        364.556E-06        364.556E-06  
              505.               340.253E-06        340.253E-06        340.253E-06        340.253E-06  
              509.               320.81E-06         320.81E-06         320.81E-06         320.81E-06   
              510.               315.949E-06        315.949E-06        315.949E-06        315.949E-06  
              515.               291.645E-06        291.645E-06        291.645E-06        291.645E-06  
              520.               267.341E-06        267.341E-06        267.341E-06        267.341E-06  
              525.               243.038E-06        243.038E-06        243.038E-06        243.038E-06  
              530.               218.734E-06        218.734E-06        218.734E-06        218.734E-06  
              531.               213.873E-06        213.873E-06        213.873E-06        213.873E-06  
              535.               194.43E-06         194.43E-06         194.43E-06         194.43E-06   
              540.               170.126E-06        170.126E-06        170.126E-06        170.126E-06  
              542.               160.405E-06        160.405E-06        160.405E-06        160.405E-06  
              545.               145.822E-06        145.823E-06        145.823E-06        145.823E-06  
              547.5              133.671E-06        133.671E-06        133.671E-06        133.671E-06  
              550.               121.519E-06        121.519E-06        121.519E-06        121.519E-06  
              553.               106.936E-06        106.937E-06        106.937E-06        106.937E-06  
              555.                97.215E-06         97.215E-06         97.215E-06         97.215E-06  
              560.                72.9112E-06        72.9112E-06        72.9113E-06        72.9113E-06 
              564.                53.4682E-06        53.4682E-06        53.4683E-06        53.4683E-06 
              565.                48.6075E-06        48.6075E-06        48.6075E-06        48.6075E-06 
              570.                24.3038E-06        24.3038E-06        24.3038E-06        24.3038E-06 
              575.                -3.63798E-12       -1.81899E-12     -909.495E-15       -454.747E-15  




