
                  X             E11_1D5N50F        E11_1D10N50F       E11_1D15N50F       E11_1D20N50F       E11_1D25N50F       E11_1D30N50F       E11_1D35N50F       E11_1D40N50F  

                0.                56.8434E-15       113.687E-15        113.687E-15        227.374E-15        227.374E-15        227.374E-15        454.747E-15        454.747E-15  
               11.25              -3.02547E-06       -6.05093E-06       -9.0764E-06       -12.1019E-06       -15.1273E-06       -18.1528E-06       -21.1783E-06       -24.2037E-06 
               22.5               -6.05093E-06      -12.1019E-06       -18.1528E-06       -24.2037E-06       -30.2547E-06       -36.3056E-06       -42.3565E-06       -48.4075E-06 
               33.75              -9.0764E-06       -18.1528E-06       -27.2292E-06       -36.3056E-06       -45.382E-06        -54.4584E-06       -63.5348E-06       -72.6112E-06 
               45.               -12.1019E-06       -24.2037E-06       -36.3056E-06       -48.4075E-06       -60.5093E-06       -72.6112E-06       -84.7131E-06       -96.8149E-06 
               56.25             -15.1273E-06       -30.2547E-06       -45.382E-06        -60.5093E-06       -75.6367E-06       -90.764E-06       -105.891E-06       -121.019E-06  
               67.5              -18.1528E-06       -36.3056E-06       -54.4584E-06       -72.6112E-06       -90.764E-06       -108.917E-06       -127.07E-06        -145.222E-06  
               78.75             -21.1783E-06       -42.3565E-06       -63.5348E-06       -84.7131E-06      -105.891E-06       -127.07E-06        -148.248E-06       -169.426E-06  
               90.               -24.2037E-06       -48.4075E-06       -72.6112E-06       -96.8149E-06      -121.019E-06       -145.222E-06       -169.426E-06       -193.63E-06   
              101.25             -27.2292E-06       -54.4584E-06       -81.6876E-06      -108.917E-06       -136.146E-06       -163.375E-06       -190.604E-06       -217.834E-06  
              112.5              -30.2547E-06       -60.5093E-06       -90.764E-06       -121.019E-06       -151.273E-06       -181.528E-06       -211.783E-06       -242.037E-06  
              123.75             -33.2801E-06       -66.5603E-06       -99.8404E-06      -133.121E-06       -166.401E-06       -199.681E-06       -232.961E-06       -266.241E-06  
              135.               -36.3056E-06       -72.6112E-06      -108.917E-06       -145.222E-06       -181.528E-06       -217.834E-06       -254.139E-06       -290.445E-06  
              146.               -32.8676E-06       -65.7352E-06       -98.6027E-06      -131.47E-06        -164.338E-06       -197.205E-06       -230.073E-06       -262.941E-06  
              157.               -29.4295E-06       -58.8591E-06       -88.2886E-06      -117.718E-06       -147.148E-06       -176.577E-06       -206.007E-06       -235.436E-06  
              168.               -25.9915E-06       -51.983E-06        -77.9745E-06      -103.966E-06       -129.958E-06       -155.949E-06       -181.941E-06       -207.932E-06  
              179.               -22.5535E-06       -45.107E-06        -67.6605E-06       -90.2139E-06      -112.767E-06       -135.321E-06       -157.874E-06       -180.428E-06  
              190.               -19.1155E-06       -38.2309E-06       -57.3464E-06       -76.4618E-06       -95.5773E-06      -114.693E-06       -133.808E-06       -152.924E-06  
              201.               -15.6774E-06       -31.3548E-06       -47.0323E-06       -62.7097E-06       -78.3871E-06       -94.0645E-06      -109.742E-06       -125.419E-06  
              212.               -12.2394E-06       -24.4788E-06       -36.7182E-06       -48.9576E-06       -61.197E-06        -73.4363E-06       -85.6757E-06       -97.9151E-06 
              223.                -8.80136E-06      -17.6027E-06       -26.4041E-06       -35.2054E-06       -44.0068E-06       -52.8082E-06       -61.6095E-06       -70.4109E-06 
              234.                -5.36333E-06      -10.7267E-06       -16.09E-06         -21.4533E-06       -26.8166E-06       -32.18E-06         -37.5433E-06       -42.9066E-06 
              245.                -1.9253E-06        -3.85059E-06       -5.77589E-06       -7.70119E-06       -9.62649E-06      -11.5518E-06       -13.4771E-06       -15.4024E-06 
              256.                 1.51273E-06        3.02547E-06        4.5382E-06         6.05093E-06        7.56367E-06        9.0764E-06        10.5891E-06        12.1019E-06 
              267.                 4.95076E-06        9.90153E-06       14.8523E-06        19.8031E-06        24.7538E-06        29.7046E-06        34.6554E-06        39.6061E-06 
              278.                 8.38879E-06       16.7776E-06        25.1664E-06        33.5552E-06        41.944E-06         50.3328E-06        58.7216E-06        67.1104E-06 
              289.                11.8268E-06        23.6537E-06        35.4805E-06        47.3073E-06        59.1341E-06        70.961E-06         82.7878E-06        94.6146E-06 
              300.                15.2649E-06        30.5297E-06        45.7946E-06        61.0594E-06        76.3243E-06        91.5891E-06       106.854E-06        122.119E-06  
              311.                18.7029E-06        37.4058E-06        56.1087E-06        74.8116E-06        93.5144E-06       112.217E-06        130.92E-06         149.623E-06  
              322.                22.1409E-06        44.2818E-06        66.4228E-06        88.5637E-06       110.705E-06        132.846E-06        154.986E-06        177.127E-06  
              333.                25.5789E-06        51.1579E-06        76.7368E-06       102.316E-06        127.895E-06        153.474E-06        179.053E-06        204.632E-06  
              344.                29.017E-06         58.034E-06         87.0509E-06       116.068E-06        145.085E-06        174.102E-06        203.119E-06        232.136E-06  
              355.                32.455E-06         64.91E-06          97.365E-06        129.82E-06         162.275E-06        194.73E-06         227.185E-06        259.64E-06   
              366.                35.893E-06         71.7861E-06       107.679E-06        143.572E-06        179.465E-06        215.358E-06        251.251E-06        287.144E-06  
              377.                39.3311E-06        78.6621E-06       117.993E-06        157.324E-06        196.655E-06        235.986E-06        275.318E-06        314.649E-06  
              388.                42.7691E-06        85.5382E-06       128.307E-06        171.076E-06        213.846E-06        256.615E-06        299.384E-06        342.153E-06  
              399.                46.2071E-06        92.4143E-06       138.621E-06        184.829E-06        231.036E-06        277.243E-06        323.45E-06         369.657E-06  
              410.                49.6452E-06        99.2903E-06       148.936E-06        198.581E-06        248.226E-06        297.871E-06        347.516E-06        397.161E-06  
              421.                53.0832E-06       106.166E-06        159.25E-06         212.333E-06        265.416E-06        318.499E-06        371.582E-06        424.666E-06  
              432.                56.5212E-06       113.042E-06        169.564E-06        226.085E-06        282.606E-06        339.127E-06        395.649E-06        452.17E-06   
              443.                59.9593E-06       119.919E-06        179.878E-06        239.837E-06        299.796E-06        359.756E-06        419.715E-06        479.674E-06  
              454.                63.3973E-06       126.795E-06        190.192E-06        253.589E-06        316.986E-06        380.384E-06        443.781E-06        507.178E-06  
              465.                66.8353E-06       133.671E-06        200.506E-06        267.341E-06        334.177E-06        401.012E-06        467.847E-06        534.682E-06  
              476.                60.1518E-06       120.304E-06        180.455E-06        240.607E-06        300.759E-06        360.911E-06        421.063E-06        481.214E-06  
              487.                53.4683E-06       106.937E-06        160.405E-06        213.873E-06        267.341E-06        320.81E-06         374.278E-06        427.746E-06  
              498.                46.7847E-06        93.5695E-06       140.354E-06        187.139E-06        233.924E-06        280.708E-06        327.493E-06        374.278E-06  
              509.                40.1012E-06        80.2024E-06       120.304E-06        160.405E-06        200.506E-06        240.607E-06        280.708E-06        320.81E-06   
              520.                33.4177E-06        66.8353E-06       100.253E-06        133.671E-06        167.088E-06        200.506E-06        233.924E-06        267.341E-06  
              531.                26.7341E-06        53.4683E-06        80.2024E-06       106.937E-06        133.671E-06        160.405E-06        187.139E-06        213.873E-06  
              542.                20.0506E-06        40.1012E-06        60.1518E-06        80.2024E-06       100.253E-06        120.304E-06        140.354E-06        160.405E-06  
              553.                13.3671E-06        26.7341E-06        40.1012E-06        53.4683E-06        66.8353E-06        80.2024E-06        93.5694E-06       106.937E-06  
              564.                 6.68353E-06       13.3671E-06        20.0506E-06        26.7341E-06        33.4177E-06        40.1012E-06        46.7847E-06        53.4683E-06 
              575.              -113.687E-15       -227.374E-15       -227.374E-15       -454.747E-15       -454.747E-15       -454.747E-15       -909.495E-15       -909.495E-15  





                  X              U2_1D5N50F        U2_1D10N50F        U2_1D15N50F        U2_1D20N50F        U2_1D25N50F        U2_1D30N50F        U2_1D35N50F        U2_1D40N50F   

                0.                 1.46135E-36        2.92271E-36        4.38406E-36        5.84541E-36        7.30676E-36        8.76812E-36       10.2295E-36        11.6908E-36 
               11.25               6.20819E-03       12.4164E-03        18.6246E-03        24.8328E-03        31.0409E-03        37.2491E-03        43.4573E-03        49.6655E-03 
               22.5               12.1559E-03        24.3118E-03        36.4677E-03        48.6236E-03        60.7795E-03        72.9354E-03        85.0913E-03        97.2472E-03 
               33.75              17.5826E-03        35.1653E-03        52.7479E-03        70.3305E-03        87.9132E-03       105.496E-03        123.078E-03        140.661E-03  
               45.                22.2279E-03        44.4558E-03        66.6838E-03        88.9117E-03       111.14E-03         133.368E-03        155.595E-03        177.823E-03  
               56.25              25.8313E-03        51.6626E-03        77.4938E-03       103.325E-03        129.156E-03        154.988E-03        180.819E-03        206.65E-03   
               67.5               28.1322E-03        56.2644E-03        84.3966E-03       112.529E-03        140.661E-03        168.793E-03        196.926E-03        225.058E-03  
               78.75              28.8703E-03        57.7405E-03        86.6108E-03       115.481E-03        144.351E-03        173.222E-03        202.092E-03        230.962E-03  
               90.                27.7849E-03        55.5698E-03        83.3547E-03       111.14E-03         138.925E-03        166.709E-03        194.494E-03        222.279E-03  
              101.25              24.6157E-03        49.2314E-03        73.8471E-03        98.4628E-03       123.078E-03        147.694E-03        172.31E-03         196.926E-03  
              112.5               19.1021E-03        38.2042E-03        57.3064E-03        76.4085E-03        95.5106E-03       114.613E-03        133.715E-03        152.817E-03  
              123.75              10.9837E-03        21.9674E-03        32.9512E-03        43.9349E-03        54.9186E-03        65.9023E-03        76.886E-03         87.8698E-03 
              135.                -3.15972E-36       -6.31944E-36       -9.47917E-36      -12.6389E-36       -15.7986E-36       -18.9583E-36       -22.1181E-36       -25.2778E-36 
              146.               -13.6724E-03       -27.3448E-03       -41.0172E-03       -54.6896E-03       -68.362E-03        -82.0344E-03       -95.7068E-03      -109.379E-03  
              157.               -30.0502E-03       -60.1005E-03       -90.1507E-03      -120.201E-03       -150.251E-03       -180.301E-03       -210.352E-03       -240.402E-03  
              168.               -48.8505E-03       -97.701E-03       -146.551E-03       -195.402E-03       -244.252E-03       -293.103E-03       -341.953E-03       -390.804E-03  
              179.               -69.7902E-03      -139.58E-03        -209.371E-03       -279.161E-03       -348.951E-03       -418.741E-03       -488.531E-03       -558.322E-03  
              190.               -92.5863E-03      -185.173E-03       -277.759E-03       -370.345E-03       -462.932E-03       -555.518E-03       -648.104E-03       -740.691E-03  
              201.              -116.956E-03       -233.912E-03       -350.868E-03       -467.824E-03       -584.78E-03        -701.736E-03       -818.691E-03       -935.647E-03  
              212.              -142.616E-03       -285.232E-03       -427.848E-03       -570.464E-03       -713.08E-03        -855.696E-03       -998.312E-03         -1.14093    
              223.              -169.283E-03       -338.567E-03       -507.85E-03        -677.134E-03       -846.417E-03         -1.0157            -1.18498           -1.35427    
              234.              -196.675E-03       -393.351E-03       -590.026E-03       -786.702E-03       -983.377E-03         -1.18005           -1.37673           -1.5734     
              245.              -224.509E-03       -449.018E-03       -673.527E-03       -898.036E-03         -1.12254           -1.34705           -1.57156           -1.79607    
              256.              -252.501E-03       -505.002E-03       -757.502E-03         -1.01              -1.2625            -1.515             -1.76751           -2.02001    
              267.              -280.368E-03       -560.736E-03       -841.105E-03         -1.12147           -1.40184           -1.68221           -1.96258           -2.24295    
              278.              -307.828E-03       -615.656E-03       -923.484E-03         -1.23131           -1.53914           -1.84697           -2.1548            -2.46262    
              289.              -334.597E-03       -669.195E-03         -1.00379           -1.33839           -1.67299           -2.00758           -2.34218           -2.67678    
              300.              -360.393E-03       -720.787E-03         -1.08118           -1.44157           -1.80197           -2.16236           -2.52275           -2.88315    
              311.              -384.933E-03       -769.865E-03         -1.1548            -1.53973           -1.92466           -2.3096            -2.69453           -3.07946    
              322.              -407.933E-03       -815.865E-03         -1.2238            -1.63173           -2.03966           -2.4476            -2.85553           -3.26346    
              333.              -429.11E-03        -858.22E-03          -1.28733           -1.71644           -2.14555           -2.57466           -3.00377           -3.43288    
              344.              -448.182E-03       -896.364E-03         -1.34455           -1.79273           -2.24091           -2.68909           -3.13727           -3.58546    
              355.              -464.865E-03       -929.731E-03         -1.3946            -1.85946           -2.32433           -2.78919           -3.25406           -3.71892    
              366.              -478.877E-03       -957.755E-03         -1.43663           -1.91551           -2.39439           -2.87326           -3.35214           -3.83102    
              377.              -489.935E-03       -979.87E-03          -1.4698            -1.95974           -2.44967           -2.93961           -3.42954           -3.91948    
              388.              -497.755E-03       -995.51E-03          -1.49327           -1.99102           -2.48878           -2.98653           -3.48429           -3.98204    
              399.              -502.055E-03         -1.00411           -1.50616           -2.00822           -2.51027           -3.01233           -3.51438           -4.01644    
              410.              -502.551E-03         -1.0051            -1.50765           -2.0102            -2.51275           -3.01531           -3.51786           -4.02041    
              421.              -498.961E-03       -997.921E-03         -1.49688           -1.99584           -2.4948            -2.99376           -3.49272           -3.99168    
              432.              -491.001E-03       -982.002E-03         -1.473             -1.964             -2.455             -2.94601           -3.43701           -3.92801    
              443.              -478.389E-03       -956.778E-03         -1.43517           -1.91356           -2.39194           -2.87033           -3.34872           -3.82711    
              454.              -460.841E-03       -921.683E-03         -1.38252           -1.84337           -2.30421           -2.76505           -3.22589           -3.68673    
              465.              -438.075E-03       -876.151E-03         -1.31423           -1.7523            -2.19038           -2.62845           -3.06653           -3.5046     
              476.              -409.947E-03       -819.894E-03         -1.22984           -1.63979           -2.04973           -2.45968           -2.86963           -3.27957    
              487.              -376.867E-03       -753.734E-03         -1.1306            -1.50747           -1.88434           -2.2612            -2.63807           -3.01494    
              498.              -339.386E-03       -678.772E-03         -1.01816           -1.35754           -1.69693           -2.03632           -2.3757            -2.71509    
              509.              -298.054E-03       -596.108E-03       -894.163E-03         -1.19222           -1.49027           -1.78833           -2.08638           -2.38443    
              520.              -253.421E-03       -506.843E-03       -760.264E-03         -1.01369           -1.26711           -1.52053           -1.77395           -2.02737    
              531.              -206.038E-03       -412.076E-03       -618.114E-03       -824.152E-03         -1.03019           -1.23623           -1.44227           -1.6483     
              542.              -156.454E-03       -312.908E-03       -469.362E-03       -625.816E-03       -782.27E-03        -938.724E-03         -1.09518           -1.25163    
              553.              -105.22E-03        -210.439E-03       -315.659E-03       -420.878E-03       -526.098E-03       -631.318E-03       -736.537E-03       -841.757E-03  
              564.               -52.8849E-03      -105.77E-03        -158.655E-03       -211.539E-03       -264.424E-03       -317.309E-03       -370.194E-03       -423.079E-03  
              575.                -3.30163E-36       -6.60326E-36       -9.90489E-36      -13.2065E-36       -16.5082E-36       -19.8098E-36       -23.1114E-36       -26.413E-36  




